Tatsuya Sugai
Akira Watanabe
4,5,6,0,0,0
27,8,4,0,0,0
6,7,6,0,0,0
27,8,5,0,0,0
18,7,7,0,0,0
24,5,4,0,0,0
17,8,8,0,0,0
33,6,2,0,0,0
7,8,6,0,0,0
27,8,6,0,0,0
18,8,6,0,0,0
35,7,2,0,0,0
27,8,5,0,0,1
26,7,4,0,0,0
18,6,8,0,0,0
22,3,4,0,0,0
11,7,7,0,0,0
31,7,3,0,0,0
19,4,8,0,0,0
39,4,2,0,0,0
19,3,8,0,0,0
39,3,2,0,0,0
19,2,8,0,0,0
20,1,4,0,0,0
0,1,6,0,0,0
25,6,4,0,0,0
14,3,8,0,0,0
36,4,2,0,0,0
15,7,8,0,0,0
33,6,3,0,0,0
18,4,6,0,0,0
38,4,4,0,0,0
13,6,8,0,0,0
32,3,3,0,0,0
18,5,7,0,0,0
37,8,1,0,0,0
27,8,4,0,0,0
34,2,2,0,0,0
18,6,6,0,0,0
38,6,2,0,0,0
3,4,6,0,0,0
21,2,4,0,0,0
2,3,6,0,0,0
34,2,3,0,0,0
14,4,7,0,0,0
21,2,5,0,0,0
18,4,8,0,0,0
23,4,4,0,0,0
16,3,8,0,0,0
36,4,3,0,0,0
5,6,6,0,0,0
7,8,2,0,0,1
15,6,7,0,0,0
37,2,1,0,0,0
13,5,7,0,0,0
39,4,2,0,0,0
19,3,9,0,0,0
34,3,2,0,0,0
8,9,6,0,0,0
28,9,4,0,0,0
19,2,8,0,0,0
34,2,3,0,0,0
19,3,9,0,0,0
34,3,2,0,0,0
9,9,7,0,0,0
38,5,3,0,0,0
17,9,8,0,0,0
23,4,5,0,0,0
3,4,5,0,0,0
21,2,6,0,0,0
1,2,6,0,0,0
38,2,6,0,0,0
18,2,6,0,0,0
37,2,6,0,0,0
12,3,7,0,0,0
37,2,1,0,0,0
13,4,6,0,0,0
26,7,5,0,0,0
2,3,5,0,0,0
1,2,6,0,0,1
23,2,8,0,0,1
26,7,6,0,0,0
2,3,4,0,0,0
36,3,4,0,0,0
21,3,5,0,0,1
36,2,4,0,0,0
22,7,4,0,0,1
33,7,4,0,0,0
4,5,5,0,0,0
26,7,7,1,0,0
15,7,7,0,0,0
33,6,3,0,0,0
4,5,4,0,0,0
33,5,4,0,0,0
26,7,4,0,0,1
31,8,5,0,0,0
38,7,6,0,0,1
31,9,7,1,0,0
17,5,8,0,0,0
6,5,3,0,0,1
3,4,4,0,0,0
18,6,9,0,0,1
17,5,9,0,0,0
18,4,7,1,0,0
16,4,7,0,0,0
14,6,8,0,0,1
38,5,4,0,0,0
6,5,4,0,0,0
17,5,4,0,0,0
9,5,2,0,0,1
33,4,3,0,0,1
34,4,3,0,0,0
3,4,3,1,0,0
39,4,3,0,0,0
18,3,2,0,0,1
39,3,2,0,0,0
17,5,2,1,0,0
2,4,2,0,0,1
21,3,4,0,0,0
22,3,8,0,0,1
19,4,9,0,0,0
38,8,5,0,0,1
24,5,8,0,0,1
36,3,4,0,0,0
34,4,3,0,0,1
39,2,3,0,0,0
34,3,4,1,0,0
39,3,4,0,0,0
17,5,4,1,1,0
11,4,4,0,0,1
13,3,5,0,0,0
