Tatsuya Sugai
Yuki Sasaki
6,7,6,0,0,0
22,3,4,0,0,0
0,1,6,0,0,0
20,1,4,0,0,0
5,6,6,0,0,0
27,8,4,0,0,0
17,7,8,0,0,0
27,8,5,0,0,0
18,7,7,0,0,0
33,6,2,0,0,0
13,6,8,0,0,0
39,4,2,0,0,0
19,4,8,0,0,0
39,3,2,0,0,0
19,3,8,0,0,0
24,5,4,0,0,0
19,2,8,0,0,0
35,5,2,0,0,0
15,5,8,0,0,0
38,3,3,0,0,0
13,6,7,0,0,0
39,2,2,0,0,0
6,7,5,0,0,0
33,5,3,0,0,0
14,3,8,0,0,0
34,3,2,0,0,0
18,6,8,0,0,0
33,6,4,0,0,0
6,7,4,0,0,0
26,7,4,0,0,0
17,7,4,0,0,0
6,7,3,0,0,1
17,7,9,0,0,0
21,2,4,0,0,0
4,5,6,0,0,0
34,2,3,0,0,0
17,7,6,0,0,0
36,3,2,0,0,0
11,7,7,0,0,0
38,4,2,0,0,0
11,6,5,0,0,0
23,4,4,0,0,0
4,5,5,0,0,0
24,5,5,0,0,0
26,5,4,0,0,1
33,6,5,0,0,0
5,6,5,0,0,0
35,4,3,0,0,0
5,6,4,0,0,0
25,6,4,0,0,0
18,9,5,0,0,0
21,2,5,0,0,0
33,4,1,0,0,1
11,6,1,0,0,1
33,3,2,1,0,0
34,3,2,0,0,0
36,7,1,0,0,1
25,6,5,0,0,0
36,6,1,0,0,0
33,7,5,0,0,1
17,3,6,0,0,0
27,8,6,0,0,0
18,8,6,0,0,0
33,8,6,0,0,0
7,8,6,0,0,0
18,8,8,0,0,1
27,6,4,0,0,1
38,6,4,0,0,0
33,5,3,0,0,1
35,5,3,0,0,0
26,5,3,1,0,0
38,5,3,0,0,0
17,3,4,0,0,0
33,3,3,0,0,1
22,5,4,0,0,1
38,3,1,0,0,0
17,3,6,0,0,0
18,9,9,1,0,0
36,7,1,0,0,0
4,3,4,0,0,1
12,1,7,0,0,0
9,2,3,0,0,1
17,7,6,0,0,0
20,1,5,0,0,0
0,1,5,0,0,0
25,6,6,0,0,0
11,1,4,0,0,1
39,1,3,0,0,0
13,7,8,0,0,0
5,1,6,0,0,1
12,2,5,0,0,0
9,2,5,0,0,0
1,2,6,0,0,0
12,3,5,0,0,1
1,2,5,0,0,0
18,9,8,1,1,0
17,7,7,0,0,0
27,2,7,0,0,1
19,3,9,0,0,0
18,5,4,1,1,0
36,8,1,0,0,0
37,8,1,0,0,0
17,7,3,1,0,0
27,2,8,1,0,0
19,2,8,0,0,0
26,2,6,0,0,1
31,3,6,0,0,1
25,6,7,1,0,0
13,6,7,0,0,0
22,6,3,0,0,1
17,7,4,1,1,0
38,6,4,0,0,0
35,6,5,0,0,1
18,6,5,1,1,0
17,6,5,1,1,0
37,8,6,0,0,0
9,2,9,0,0,1
26,2,7,1,0,0
14,2,7,0,0,0
12,2,7,1,0,0
19,2,7,0,0,0
4,3,5,0,0,0
17,6,4,1,1,0
22,6,4,0,0,0
18,3,1,0,0,1
39,2,3,0,0,0
19,1,6,0,0,0
4,3,6,0,0,0
12,4,6,0,0,1
37,4,6,0,0,0
3,4,6,0,0,0
4,3,7,1,0,0
15,4,7,0,0,0
7,3,6,0,0,1
11,2,2,1,0,0
