Takuya Nagase
Keita Inoue
1,2,6,0,0,0
27,8,4,0,0,0
1,2,5,0,0,0
27,8,5,0,0,0
6,7,6,0,0,0
36,3,2,0,0,0
18,7,7,0,0,0
33,6,2,0,0,0
13,6,8,0,0,0
20,1,4,0,0,0
15,7,8,0,0,0
25,6,4,0,0,0
14,3,8,0,0,0
33,6,3,0,0,0
19,5,8,0,0,0
33,5,4,0,0,0
2,3,6,0,0,0
34,4,2,0,0,0
12,3,7,0,0,0
35,6,2,0,0,0
0,1,6,0,0,0
26,7,4,0,0,0
2,3,5,0,0,0
31,7,3,0,0,0
1,2,4,0,0,0
21,2,4,0,0,0
17,2,4,0,0,0
1,2,3,0,0,1
17,2,6,0,0,0
28,9,4,0,0,0
8,9,6,0,0,0
39,5,2,0,0,0
16,4,8,0,0,0
33,6,5,0,0,0
17,3,6,0,0,0
37,8,1,0,0,0
2,3,4,0,0,0
33,5,4,0,0,0
6,7,5,0,0,0
26,7,5,0,0,0
8,9,5,0,0,0
28,9,5,0,0,0
21,9,3,0,0,1
29,9,3,0,0,0
18,6,6,0,0,0
22,3,4,0,0,0
18,2,2,1,0,0
36,2,2,0,0,0
17,3,4,0,0,0
34,3,3,0,0,0
17,3,6,0,0,0
33,6,3,0,0,0
38,9,2,0,0,1
37,8,4,0,0,0
38,5,6,1,0,0
25,6,5,0,0,0
0,1,5,0,0,0
20,1,5,0,0,0
12,2,5,0,0,0
6,3,5,0,0,1
12,3,3,1,0,0
6,3,6,0,0,0
12,2,2,1,1,0
32,3,3,0,0,0
22,7,4,0,0,1
37,7,4,0,0,0
34,3,4,0,0,1
17,3,9,0,0,1
13,5,9,0,0,0
17,1,9,1,0,0
34,3,3,1,0,0
10,7,6,0,0,1
15,6,8,0,0,0
18,8,8,0,0,1
32,5,5,0,0,1
33,5,4,0,0,0
38,4,6,1,1,0
17,1,6,1,1,0
4,5,6,0,0,0
18,9,9,1,0,0
12,1,1,1,1,0
9,4,4,0,0,1
38,3,5,1,1,0
6,3,7,1,0,0
16,3,7,0,0,0
25,6,6,0,0,0
30,3,6,0,0,1
18,8,9,1,1,0
6,1,7,0,0,1
33,5,5,0,0,0
6,1,6,0,0,0
33,5,6,0,0,0
34,4,3,1,1,0
39,6,3,0,0,0
34,4,4,1,1,0
25,6,7,1,0,0
19,4,8,0,0,0
25,6,8,1,1,0
13,6,8,0,0,0
8,3,4,0,0,1
38,3,4,1,1,0
11,4,5,0,0,1
9,6,6,0,0,1
21,6,5,0,0,1
23,5,4,0,0,1
37,5,4,0,0,0
34,5,4,1,1,0
24,5,4,0,0,0
17,8,2,0,0,1
33,5,7,1,0,0
13,5,7,0,0,0
11,5,7,1,0,0
19,5,7,0,0,0
18,3,4,1,1,0
25,6,4,0,0,1
