Daichi Sasaki
Sota Fujii
1,2,6,0,0,0
27,8,4,0,0,0
1,2,5,0,0,0
27,8,5,0,0,0
15,7,8,0,0,0
36,3,2,0,0,0
14,3,8,0,0,0
33,7,2,0,0,0
8,9,6,0,0,0
39,5,2,0,0,0
0,1,6,0,0,0
20,1,4,0,0,0
1,2,4,0,0,0
21,2,4,0,0,0
17,2,4,0,0,0
1,2,3,0,0,1
17,2,6,0,0,0
25,6,4,0,0,0
19,5,8,0,0,0
22,3,4,0,0,0
6,7,6,0,0,0
27,8,6,0,0,0
7,8,6,0,0,0
37,8,6,0,0,0
21,8,7,0,0,1
37,8,5,0,0,0
27,2,4,0,0,1
1,2,4,0,0,0
17,2,4,0,0,0
33,6,3,0,0,0
2,3,6,0,0,0
26,7,4,0,0,0
12,3,7,0,0,0
22,3,5,0,0,0
17,2,6,0,0,0
7,2,3,0,0,1
16,4,8,0,0,0
35,7,2,0,0,0
11,9,7,0,0,0
37,8,2,0,0,0
0,1,5,0,0,0
20,1,5,0,0,0
1,1,3,0,0,1
30,1,3,0,0,0
2,3,5,0,0,0
28,9,4,0,0,0
12,2,5,0,0,0
38,8,8,1,0,0
13,8,8,0,0,0
28,9,5,0,0,0
21,8,6,0,0,0
28,9,6,0,0,0
11,8,5,0,0,0
27,8,4,0,0,1
22,9,2,0,0,1
29,9,2,0,0,0
12,1,3,0,0,0
32,1,3,0,0,0
10,1,5,0,0,0
27,8,5,0,0,0
10,1,3,1,0,0
28,9,7,1,0,0
9,9,7,0,0,0
29,9,7,1,0,0
13,9,7,0,0,0
27,8,6,0,0,0
20,8,4,0,0,1
37,8,4,0,0,0
28,8,5,0,0,1
37,8,5,0,0,0
13,9,6,0,0,0
9,2,4,0,0,1
13,8,5,0,0,0
27,8,7,1,0,0
32,5,5,0,0,1
33,5,4,0,0,0
30,3,4,0,0,1
27,7,8,1,1,0
30,3,2,1,0,0
34,3,2,0,0,0
29,6,3,0,0,1
27,6,8,1,1,0
19,6,8,0,0,0
18,9,5,0,0,1
