Takahiro Ohashi
Takayuki Yamasaki
1,2,6,0,0,0
27,8,4,0,0,0
1,2,5,0,0,0
27,8,5,0,0,0
6,7,6,0,0,0
36,3,2,0,0,0
18,7,7,0,0,0
33,6,2,0,0,0
15,7,8,0,0,0
20,1,4,0,0,0
14,3,8,0,0,0
25,6,4,0,0,0
2,3,6,0,0,0
33,6,3,0,0,0
19,5,8,0,0,0
33,5,4,0,0,0
0,1,6,0,0,0
22,3,4,0,0,0
1,2,4,0,0,0
21,2,4,0,0,0
17,2,4,0,0,0
23,4,4,0,0,0
12,3,7,0,0,0
34,4,2,0,0,0
17,3,4,0,0,0
34,3,3,0,0,0
17,3,5,0,0,0
1,2,4,0,0,1
0,1,5,0,0,0
20,1,5,0,0,0
21,1,4,0,0,1
36,2,3,0,0,0
17,1,5,0,0,0
30,1,4,0,0,0
17,1,4,0,0,0
36,1,4,0,0,0
10,1,4,0,0,0
17,1,8,0,0,1
22,2,3,0,0,1
38,3,1,0,0,0
30,2,2,0,0,1
34,2,2,0,0,0
22,2,2,1,0,0
38,2,2,0,0,0
36,2,3,0,0,1
38,3,3,0,0,0
10,1,2,1,0,0
37,1,2,0,0,0
36,1,2,0,0,0
17,1,2,1,0,0
34,3,4,0,0,1
30,4,1,0,0,1
34,3,3,1,0,0
32,3,3,0,0,0
20,1,4,0,0,1
17,1,4,1,1,0
37,3,1,0,0,1
36,2,2,0,0,1
18,4,4,0,0,0
34,4,2,0,0,1
38,3,2,0,0,1
36,3,2,0,0,0
37,3,2,1,0,0
0,4,8,0,0,1
16,4,8,0,0,0
33,4,3,0,0,0
37,4,3,1,1,0
34,4,3,0,0,0
18,3,3,1,0,0
39,6,2,0,0,0
32,5,5,0,0,1
34,5,2,0,0,0
33,3,2,0,0,1
17,1,9,1,1,0
23,2,9,0,0,1
39,7,2,0,0,0
18,3,4,1,1,0
21,4,3,0,0,1
33,4,1,0,0,0
34,4,1,0,0,0
36,6,3,0,0,1
39,8,3,0,0,0
36,6,4,0,0,0
10,6,2,0,0,1
18,5,6,1,1,0
22,6,5,0,0,1
30,6,3,0,0,1
34,5,2,0,0,0
11,7,7,0,0,0
39,7,2,0,0,0
18,4,6,1,1,0
37,3,9,0,0,1
30,6,2,1,0,0
35,6,2,0,0,0
18,4,5,1,1,0
30,5,4,0,0,1
16,4,9,0,0,0
37,4,9,1,0,0
19,4,9,0,0,0
38,1,6,0,0,1
10,3,9,0,0,1
38,3,8,1,0,0
19,3,8,0,0,0
17,1,8,1,1,0
23,2,8,0,0,0
16,5,8,0,0,1
3,4,6,0,0,0
16,5,7,0,0,0
38,6,3,0,0,1
39,8,3,0,0,0
