Naoki Koyama
Asuto Saito
1,2,6,0,0,0
22,3,4,0,0,0
6,7,6,0,0,0
28,9,4,0,0,0
1,2,5,0,0,0
36,3,2,0,0,0
8,9,6,0,0,0
26,7,4,0,0,0
15,7,8,0,0,0
37,7,2,0,0,0
1,2,4,0,0,0
21,2,4,0,0,0
17,2,4,0,0,0
26,7,5,0,0,0
6,7,5,0,0,0
37,7,5,0,0,0
19,6,9,0,0,0
39,5,2,0,0,0
17,2,8,0,0,0
1,2,5,0,0,1
14,4,8,0,0,0
28,9,5,0,0,0
8,9,5,0,0,0
6,9,6,0,0,1
4,5,6,0,0,0
37,9,5,0,0,0
21,9,8,0,0,1
38,8,8,1,0,0
13,8,8,0,0,0
32,3,3,0,0,0
13,7,7,0,0,0
33,7,2,0,0,0
13,6,6,0,0,0
22,3,5,0,0,0
2,3,6,0,0,0
37,9,4,0,0,0
2,3,5,0,0,0
34,2,2,0,0,0
38,4,6,0,0,1
8,7,3,0,0,1
4,5,5,0,0,0
39,6,2,0,0,0
19,7,9,0,0,0
39,7,1,0,0,0
14,5,7,0,0,0
37,2,4,0,0,0
26,2,7,0,0,1
23,4,4,0,0,0
14,5,6,0,0,0
23,4,5,0,0,0
38,3,7,0,0,0
36,4,2,0,0,0
16,5,8,0,0,0
20,1,4,0,0,0
38,5,9,0,0,0
36,5,2,0,0,0
17,3,8,0,0,0
34,2,3,0,0,0
13,7,7,0,0,0
39,8,2,0,0,0
19,8,8,0,0,0
24,5,4,0,0,0
4,5,4,0,0,0
37,5,4,0,0,0
28,5,7,0,0,1
1,2,6,0,0,0
38,2,6,0,0,0
37,2,4,0,0,0
5,6,6,0,0,0
34,3,2,0,0,0
14,6,5,0,0,0
25,6,4,0,0,0
14,7,6,0,0,0
23,4,6,0,0,0
3,4,6,0,0,0
18,5,4,0,0,1
17,2,8,0,0,0
4,3,8,0,0,1
12,3,7,0,0,0
4,3,9,1,0,0
2,3,4,0,0,0
4,3,8,1,1,0
