Amahiko Sato
Taichi Nakamura
6,7,6,0,0,0
27,8,4,0,0,0
13,6,8,0,0,0
22,3,4,0,0,0
13,7,7,0,0,0
26,7,4,0,0,0
1,2,6,0,0,0
27,8,5,0,0,0
1,2,5,0,0,0
31,7,3,0,0,0
15,7,8,0,0,0
38,3,3,0,0,0
18,7,9,0,0,0
31,6,5,0,0,0
13,6,6,0,0,0
27,8,6,0,0,0
7,8,6,0,0,0
37,8,6,0,0,0
27,8,8,0,0,1
25,6,4,0,0,0
4,5,6,0,0,0
37,7,6,0,0,0
18,4,6,0,0,0
33,6,2,0,0,0
4,5,5,0,0,0
7,8,6,0,0,1
2,3,6,0,0,0
34,4,2,0,0,0
1,2,4,0,0,0
21,2,4,0,0,0
2,3,5,0,0,0
22,3,5,0,0,0
18,3,5,0,0,0
6,3,6,0,0,1
18,4,6,0,0,0
6,3,7,1,0,0
12,3,7,0,0,0
1,3,6,0,0,1
12,4,5,0,0,0
38,4,4,0,0,0
22,7,7,0,0,1
37,6,6,0,0,0
5,6,6,0,0,0
1,3,7,1,0,0
18,3,7,0,0,0
31,5,7,1,0,0
4,5,4,0,0,0
32,3,3,0,0,0
12,5,3,0,0,0
34,5,3,0,0,0
4,5,3,1,0,0
33,5,3,0,0,0
6,5,2,0,0,1
39,6,2,0,0,0
37,8,1,0,0,1
32,4,5,0,0,0
18,4,6,0,0,0
2,5,8,0,0,1
19,6,9,0,0,0
13,6,7,0,0,1
37,8,6,1,0,0
35,7,2,0,0,0
6,5,1,1,0,0
12,7,5,0,0,1
27,8,7,0,0,0
4,8,8,0,0,1
6,6,1,1,1,0
39,6,1,0,0,0
37,8,1,1,1,0
39,6,2,0,0,0
34,6,1,0,0,1
35,7,3,0,0,0
1,5,4,0,0,1
4,8,9,1,0,0
15,6,7,0,0,0
12,6,7,1,0,0
