Ryuma Yoshiike
Nagisa Fujimoto
1,2,6,0,0,0
22,3,4,0,0,0
6,7,6,0,0,0
23,4,4,0,0,0
3,4,6,0,0,0
27,8,4,0,0,0
1,2,5,0,0,0
36,3,2,0,0,0
1,2,4,0,0,0
21,2,4,0,0,0
17,2,4,0,0,0
27,8,5,0,0,0
17,2,8,0,0,0
1,2,3,0,0,1
18,7,7,0,0,0
33,6,2,0,0,0
13,7,8,0,0,0
26,7,4,0,0,0
14,4,8,0,0,0
24,5,4,0,0,0
14,4,7,0,0,0
34,4,2,0,0,0
19,6,8,0,0,0
34,4,3,0,0,0
14,5,6,0,0,0
33,5,3,0,0,0
17,4,8,0,0,0
22,3,5,0,0,0
16,5,8,0,0,0
38,3,3,0,0,0
2,3,6,0,0,0
22,3,6,0,0,0
17,3,8,0,0,0
33,6,4,0,0,0
17,3,6,0,0,0
26,7,5,0,0,0
6,7,5,0,0,0
33,7,5,0,0,0
21,7,6,0,0,1
33,7,6,0,0,0
18,6,6,0,0,0
27,8,6,0,0,0
7,8,6,0,0,0
2,8,8,0,0,1
11,7,7,0,0,0
2,8,9,1,0,0
13,8,9,0,0,0
38,4,2,0,0,0
13,7,8,0,0,0
6,3,5,0,0,1
17,3,5,0,0,0
37,8,6,0,0,0
3,4,5,0,0,0
21,3,4,0,0,1
17,3,6,0,0,0
37,8,8,1,0,0
22,8,9,0,0,1
37,9,9,1,1,0
14,6,5,0,0,0
7,7,5,0,0,1
3,4,4,0,0,0
34,5,2,0,0,0
14,5,4,0,0,0
37,9,7,1,1,0
17,3,4,0,0,0
8,3,3,0,0,1
3,4,3,1,0,0
8,3,4,0,0,0
3,3,2,1,1,0
38,6,4,0,0,0
18,1,1,1,0,0
17,4,9,0,0,1
16,5,9,0,0,0
17,2,9,1,0,0
18,4,4,1,1,0
9,5,3,0,0,1
30,6,6,0,0,1
33,7,7,0,0,0
13,7,7,0,0,0
7,7,6,0,0,0
30,6,4,0,0,0
7,7,7,1,0,0
18,7,7,1,1,0
17,3,8,1,1,0
26,4,8,0,0,1
37,7,7,1,1,0
19,7,7,0,0,0
9,5,4,0,0,0
38,8,4,0,0,1
13,7,3,0,0,1
30,6,3,1,0,0
18,4,4,0,0,1
5,6,6,0,0,0
34,6,3,0,0,0
37,4,1,0,0,1
39,6,2,0,0,0
37,4,4,1,0,0
13,8,4,0,0,0
36,5,3,0,0,1
39,7,1,0,0,0
36,6,3,0,0,0
12,8,5,0,0,1
19,6,8,0,0,0
38,8,6,0,0,1
19,5,8,0,0,0
30,5,1,0,0,1
27,7,2,0,0,1
39,8,2,0,0,0
33,8,3,0,0,1
39,8,3,0,0,0
18,6,5,0,0,1
14,7,4,0,0,1
18,3,8,0,0,0
9,5,7,1,0,0
19,4,9,0,0,0
4,4,7,0,0,1
17,4,3,0,0,1
33,3,7,0,0,1
18,4,7,0,0,0
9,4,7,1,1,0
36,6,4,0,0,0
39,9,4,0,0,0
37,4,7,1,1,0
11,5,7,0,0,1
19,3,9,0,0,0
18,2,8,0,0,1
19,2,9,0,0,0
38,6,4,0,0,0
