Sota Fujii
Tatsuya Sugai
1,2,6,0,0,0
22,3,4,0,0,0
6,7,6,0,0,0
37,3,2,0,0,0
18,2,2,1,0,0
37,2,2,0,0,0
38,6,5,0,0,1
18,7,4,0,0,1
38,4,3,1,0,0
36,4,2,0,0,0
38,3,4,1,1,0
18,4,7,1,0,0
13,6,8,0,0,0
36,3,3,0,0,0
38,1,6,1,1,0
33,7,2,0,0,0
16,5,8,0,0,0
18,6,5,1,1,0
13,7,7,0,0,0
37,4,2,0,0,0
14,3,8,0,0,0
39,6,2,0,0,0
19,6,8,0,0,0
39,7,1,0,0,0
19,7,8,0,0,0
39,8,2,0,0,0
14,4,7,0,0,0
24,5,4,0,0,0
17,4,8,0,0,0
18,6,4,1,1,0
8,9,6,0,0,0
28,9,4,0,0,0
19,8,8,0,0,0
34,3,2,0,0,0
15,7,8,0,0,0
34,4,1,0,0,0
5,6,6,0,0,0
34,5,2,0,0,0
14,5,6,0,0,0
37,4,8,1,0,0
16,4,8,0,0,0
36,3,2,0,0,0
38,3,8,1,1,0
3,3,6,0,0,1
14,4,7,0,0,0
3,3,7,1,0,0
12,3,7,0,0,0
20,1,4,0,0,0
1,2,5,0,0,0
18,4,2,1,1,0
16,5,8,0,0,0
18,1,5,1,1,0
16,6,8,0,0,0
18,2,6,1,1,0
14,4,6,0,0,0
18,3,6,1,1,0
37,1,6,0,0,1
17,2,6,0,0,1
37,2,6,0,0,0
18,2,6,1,1,0
23,3,3,0,0,1
36,3,1,0,0,0
1,2,4,0,0,0
21,2,4,0,0,0
17,2,3,0,0,1
18,4,4,1,1,0
17,2,4,1,0,0
18,3,3,1,1,0
17,2,9,1,1,0
2,2,3,0,0,1
38,4,7,1,1,0
36,3,2,0,0,0
4,5,6,0,0,0
18,3,4,1,1,0
17,3,9,1,1,0
18,4,4,1,1,0
38,3,6,1,1,0
36,4,3,0,0,0
14,3,5,0,0,0
18,2,2,1,1,0
22,3,4,0,0,1
25,6,4,0,0,0
17,4,9,1,1,0
1,4,4,0,0,1
17,2,9,1,1,0
23,3,3,0,0,1
22,3,3,1,0,0
18,3,3,1,1,0
3,2,4,0,0,1
2,2,4,0,0,0
14,2,4,0,0,0
18,4,2,1,1,0
21,3,4,0,0,1
36,3,4,0,0,0
14,3,5,0,0,0
36,3,5,0,0,0
38,3,5,1,1,0
22,2,4,0,0,1
38,4,4,1,1,0
25,6,5,0,0,0
38,1,1,1,1,0
18,6,4,1,1,0
23,3,8,0,0,1
25,6,6,0,0,0
38,6,6,1,1,0
3,6,5,0,0,1
38,5,7,1,1,0
32,3,3,0,0,0
36,7,5,0,0,1
18,5,3,1,1,0
17,2,4,1,1,0
21,3,6,0,0,1
30,6,4,0,0,1
21,3,7,1,0,0
30,6,1,1,0,0
32,4,5,0,0,0
38,3,5,1,1,0
33,6,1,0,0,0
38,5,3,1,1,0
34,5,3,0,0,0
17,2,2,1,1,0
