Shota Chida
Sota Fujii
1,2,6,0,0,0
27,8,4,0,0,0
1,2,5,0,0,0
27,8,5,0,0,0
6,7,6,0,0,0
36,3,2,0,0,0
18,7,7,0,0,0
22,3,4,0,0,0
13,6,8,0,0,0
38,7,7,1,0,0
13,7,7,0,0,0
34,2,2,0,0,0
0,1,6,0,0,0
20,1,4,0,0,0
3,4,6,0,0,0
39,4,2,0,0,0
1,2,4,0,0,0
21,2,4,0,0,0
17,2,4,0,0,0
18,4,7,0,0,1
14,3,8,0,0,0
18,6,5,1,0,0
15,7,8,0,0,0
18,6,4,1,1,0
14,4,7,0,0,0
34,2,3,0,0,0
17,2,8,0,0,0
1,2,4,0,0,1
19,6,8,0,0,0
35,5,2,0,0,0
16,5,8,0,0,0
33,6,2,0,0,0
8,9,6,0,0,0
32,3,3,0,0,0
5,6,6,0,0,0
26,7,4,0,0,0
19,7,9,0,0,0
26,7,5,0,0,0
6,7,5,0,0,0
18,7,5,1,1,0
16,6,7,0,0,0
18,7,4,1,1,0
14,5,6,0,0,0
25,6,4,0,0,0
2,3,6,0,0,0
33,6,3,0,0,0
12,3,7,0,0,0
33,5,4,0,0,0
19,8,8,0,0,0
23,4,4,0,0,0
21,7,6,0,0,1
35,4,3,0,0,0
26,2,5,0,0,1
1,2,5,0,0,0
12,2,5,0,0,0
6,2,4,0,0,1
12,3,3,1,0,0
39,3,3,0,0,0
21,7,5,0,0,0
18,7,5,1,1,0
38,5,1,0,0,1
35,4,2,0,0,0
13,7,6,0,0,0
18,7,4,1,1,0
1,7,5,0,0,1
18,6,3,1,1,0
38,9,5,1,0,0
39,2,2,0,0,0
3,4,5,0,0,0
33,4,5,0,0,0
32,7,4,0,0,1
37,8,3,0,0,0
38,5,1,1,1,0
18,5,4,1,1,0
14,4,5,0,0,0
23,4,5,0,0,0
33,8,4,0,0,1
35,5,2,0,0,0
38,5,2,1,1,0
37,8,4,0,0,0
2,3,5,0,0,0
27,8,6,0,0,0
7,8,6,0,0,0
37,8,6,0,0,0
27,8,7,0,0,1
37,7,6,0,0,0
16,7,6,0,0,0
18,7,6,1,1,0
2,3,4,0,0,0
18,6,6,1,1,0
15,7,7,0,0,0
18,5,5,1,1,0
35,3,3,0,0,1
39,1,2,0,0,0
35,2,3,0,0,0
36,2,3,0,0,0
38,4,1,1,1,0
16,2,2,0,0,1
34,3,2,0,0,1
16,3,2,0,0,0
38,3,2,1,1,0
35,2,2,0,0,1
37,8,2,0,0,1
35,3,2,0,0,0
37,3,2,1,0,0
14,2,2,0,0,1
16,2,1,0,0,1
12,7,6,0,0,1
19,9,8,0,0,0
33,8,8,0,0,1
16,1,1,0,0,0
39,1,1,0,0,0
30,1,3,0,0,1
36,1,3,0,0,0
35,2,1,0,0,1
39,1,2,0,0,0
35,2,2,0,0,0
18,2,2,1,1,0
37,2,2,1,1,0
39,2,2,0,0,0
18,4,4,0,0,1
39,1,2,0,0,0
15,7,6,0,0,0
33,8,9,0,0,0
19,8,9,0,0,0
38,6,7,0,0,1
14,7,8,0,0,1
37,3,9,0,0,1
22,6,9,0,0,1
37,6,9,1,0,0
12,7,9,0,0,1
13,6,8,0,0,1
14,6,7,0,0,0
37,7,9,1,1,0
19,9,8,0,0,0
16,8,8,0,0,1
18,8,8,0,0,0
37,8,8,1,1,0
19,8,8,0,0,0
18,7,9,0,0,1
