Satoshi Takano
Atsushi Miyata
1,2,6,0,0,0
27,8,4,0,0,0
1,2,5,0,0,0
27,8,5,0,0,0
6,7,6,0,0,0
36,3,2,0,0,0
18,7,7,0,0,0
22,3,4,0,0,0
13,8,8,0,0,0
38,7,7,1,0,0
13,7,7,0,0,0
34,2,2,0,0,0
0,1,6,0,0,0
34,3,3,0,0,0
0,1,5,0,0,0
33,7,2,0,0,0
14,4,8,0,0,0
33,8,3,0,0,0
3,4,6,0,0,0
33,8,4,0,0,0
8,9,6,0,0,0
39,4,2,0,0,0
15,7,8,0,0,0
26,7,4,0,0,0
14,4,7,0,0,0
39,3,1,0,0,0
5,6,6,0,0,0
26,7,5,0,0,0
16,5,8,0,0,0
28,9,4,0,0,0
2,3,6,0,0,0
23,4,4,0,0,0
12,3,7,0,0,0
35,5,2,0,0,0
5,6,5,0,0,0
35,4,3,0,0,0
19,4,8,0,0,0
35,5,4,0,0,0
17,2,9,0,0,0
35,6,5,0,0,0
6,7,5,0,0,0
33,7,3,0,0,0
15,6,7,0,0,0
18,5,4,0,0,1
4,5,6,0,0,0
27,8,6,0,0,0
7,8,6,0,0,0
33,6,4,0,0,0
26,6,6,0,0,1
35,7,5,0,0,0
27,7,6,0,0,1
35,8,6,0,0,0
26,6,5,0,0,0
18,6,5,0,0,0
3,4,5,0,0,0
18,5,4,0,0,0
13,8,6,0,0,0
37,8,6,0,0,0
38,7,7,0,0,1
37,8,7,1,0,0
35,8,6,0,0,1
37,7,7,1,1,0
11,7,7,0,0,0
39,2,2,0,0,0
16,5,7,0,0,0
31,7,3,0,0,0
37,4,1,0,0,1
13,8,8,0,0,1
35,8,7,0,0,0
13,7,7,1,0,0
35,7,7,0,0,0
31,6,5,0,0,0
37,9,1,1,0,0
31,5,7,1,0,0
15,5,7,0,0,0
11,6,5,0,0,1
35,6,7,0,0,0
11,5,7,1,0,0
35,5,7,0,0,0
18,7,6,0,0,0
13,6,7,0,0,1
18,8,7,1,0,0
31,2,4,0,0,1
21,2,4,0,0,0
1,2,4,0,0,0
5,2,8,0,0,1
29,2,3,0,0,1
36,2,3,0,0,0
1,2,3,1,0,0
39,2,3,0,0,0
17,2,8,0,0,0
6,2,4,0,0,1
37,8,2,1,1,0
38,3,2,0,0,1
21,2,5,0,0,1
6,2,5,0,0,0
12,2,5,0,0,0
7,2,4,0,0,1
12,3,3,1,0,0
39,3,3,0,0,0
34,4,2,0,0,1
39,2,2,0,0,0
5,7,6,0,0,1
