Sota Fujii
Takumi Ito
1,2,6,0,0,0
27,8,4,0,0,0
1,2,5,0,0,0
27,8,5,0,0,0
6,7,6,0,0,0
36,3,2,0,0,0
18,7,7,0,0,0
22,3,4,0,0,0
13,6,8,0,0,0
38,7,7,1,0,0
13,7,7,0,0,0
34,2,2,0,0,0
0,1,6,0,0,0
20,1,4,0,0,0
14,3,8,0,0,0
34,3,3,0,0,0
2,3,6,0,0,0
33,6,2,0,0,0
15,7,8,0,0,0
25,6,4,0,0,0
19,6,8,0,0,0
33,6,3,0,0,0
8,9,6,0,0,0
26,7,4,0,0,0
12,3,7,0,0,0
39,4,2,0,0,0
3,4,6,0,0,0
35,5,2,0,0,0
14,4,7,0,0,0
23,4,4,0,0,0
16,4,8,0,0,0
28,9,4,0,0,0
17,2,9,0,0,0
33,5,4,0,0,0
14,5,6,0,0,0
39,3,1,0,0,0
5,6,6,0,0,0
31,7,3,0,0,0
3,4,5,0,0,0
25,6,5,0,0,0
5,6,5,0,0,0
23,4,5,0,0,0
1,2,4,0,0,0
21,2,4,0,0,0
25,2,5,0,0,1
21,2,5,0,0,0
0,1,5,0,0,0
20,1,5,0,0,0
12,2,5,0,0,0
34,2,4,0,0,0
38,6,6,0,0,1
3,2,8,0,0,1
17,2,8,0,0,0
1,2,2,0,0,1
17,2,9,0,0,0
23,4,6,0,0,0
19,7,9,0,0,0
25,6,7,0,0,1
21,1,2,0,0,1
30,1,2,0,0,0
3,1,3,0,0,1
30,1,3,0,0,0
12,1,3,1,0,0
34,1,3,0,0,0
30,2,6,0,0,1
35,4,3,0,0,0
10,1,5,0,0,0
0,1,4,0,0,1
20,2,3,0,0,1
1,2,3,0,0,0
30,2,3,1,0,0
21,2,6,0,0,1
30,1,3,1,1,0
32,1,3,0,0,0
1,4,4,0,0,1
35,3,3,0,0,0
10,1,4,0,0,0
27,8,6,0,0,0
7,8,6,0,0,0
31,6,5,0,0,0
14,6,5,0,0,0
33,6,5,0,0,0
38,5,5,0,0,0
12,6,6,0,0,1
13,6,6,0,0,0
18,6,8,0,0,1
19,8,8,0,0,0
18,8,6,1,0,0
38,8,2,1,0,0
33,7,6,0,0,0
37,6,1,0,0,1
30,4,1,0,0,1
34,8,7,0,0,1
25,6,8,1,0,0
34,7,6,0,0,0
18,7,6,1,1,0
15,6,8,0,0,0
14,8,7,0,0,1
19,7,9,0,0,0
3,6,7,0,0,1
13,7,7,0,0,0
34,8,8,0,0,1
13,8,8,0,0,0
14,8,8,1,0,0
19,8,8,0,0,0
20,8,7,0,0,1
19,7,8,0,0,0
3,6,8,1,0,0
19,6,8,0,0,0
5,6,6,0,0,1
31,4,3,0,0,1
35,4,3,0,0,0
12,2,3,0,0,1
36,2,3,0,0,0
33,3,2,0,0,1
39,3,2,0,0,0
1,4,3,1,0,0
18,4,3,1,1,0
34,2,1,0,0,1
39,3,3,0,0,0
38,5,5,1,1,0
39,2,4,0,0,0
37,6,6,1,0,0
7,6,7,0,0,1
19,5,9,0,0,0
31,4,7,0,0,1
19,5,8,0,0,0
15,6,8,0,0,1
19,4,9,0,0,0
15,5,9,0,0,0
19,3,8,0,0,0
13,2,7,0,0,1
19,3,7,0,0,0
13,3,6,1,0,0
19,3,6,0,0,0
33,3,5,0,0,1
19,3,7,0,0,0
32,2,5,0,0,0
19,3,8,0,0,0
18,2,1,1,1,0
14,1,6,0,0,1
34,2,7,0,0,1
17,2,7,0,0,0
21,2,7,1,0,0
14,2,7,0,0,0
12,1,5,0,0,1
