Sota Fujii
Masayuki Toyoshima
1,2,6,0,0,0
22,3,4,0,0,0
6,7,6,0,0,0
28,9,4,0,0,0
1,2,5,0,0,0
36,3,2,0,0,0
19,6,8,0,0,0
27,8,4,0,0,0
1,2,4,0,0,0
21,2,4,0,0,0
17,2,4,0,0,0
27,8,5,0,0,0
15,7,8,0,0,0
27,8,6,0,0,0
7,8,6,0,0,0
37,8,6,0,0,0
17,3,4,0,0,0
38,8,8,1,0,0
13,8,8,0,0,0
18,2,7,0,0,1
16,4,8,0,0,0
18,4,5,1,0,0
17,2,4,0,0,0
1,2,2,0,0,1
38,7,5,0,0,1
37,7,6,0,0,0
38,5,3,1,0,0
34,4,2,0,0,0
38,5,4,1,1,0
18,5,4,1,1,0
17,5,4,0,0,0
39,4,1,0,0,0
11,7,7,0,0,0
37,7,4,0,0,0
17,5,6,0,0,0
37,2,4,0,0,0
21,2,8,0,0,1
37,8,4,0,0,0
19,5,8,0,0,0
33,7,2,0,0,0
13,8,7,0,0,0
26,7,4,0,0,0
27,8,5,0,0,1
37,8,2,0,0,0
17,8,6,0,0,0
39,3,1,0,0,0
19,4,9,0,0,0
33,7,3,0,0,0
13,7,6,0,0,0
38,9,5,0,0,1
17,8,9,0,0,0
26,7,5,0,0,0
13,8,7,0,0,0
33,6,4,0,0,0
5,6,6,0,0,0
38,6,2,0,0,0
15,6,7,0,0,0
38,4,4,0,0,0
19,3,8,0,0,0
32,3,3,0,0,0
4,5,6,0,0,0
35,5,1,0,0,0
18,4,6,0,0,1
37,5,2,0,0,0
5,6,5,0,0,0
33,7,3,0,0,0
27,8,4,0,0,0
7,8,6,0,0,1
13,8,6,0,0,0
26,7,6,0,0,0
11,8,5,0,0,0
33,8,4,0,0,0
18,9,1,1,0,0
33,8,5,0,0,0
13,8,5,0,0,0
26,7,7,1,0,0
15,5,7,0,0,0
26,7,8,1,1,0
17,4,9,0,0,0
26,6,8,1,1,0
5,6,4,0,0,0
25,6,4,0,0,0
22,6,9,0,0,1
31,9,3,0,0,0
13,7,4,0,0,0
11,2,6,0,0,1
19,2,7,0,0,0
6,3,8,0,0,1
14,3,8,0,0,0
11,3,8,1,0,0
19,3,8,0,0,0
14,5,8,0,0,1
13,6,3,1,0,0
14,4,9,0,0,0
16,4,9,0,0,0
27,3,6,0,0,1
2,3,6,0,0,0
32,4,5,0,0,0
29,3,4,0,0,1
5,3,3,0,0,1
15,4,6,0,0,0
32,5,7,0,0,0
16,4,8,0,0,0
5,3,4,0,0,0
22,6,8,0,0,0
17,5,9,0,0,1
11,2,4,0,0,1
29,2,3,0,0,1
13,5,2,1,1,0
35,5,2,0,0,0
37,8,1,0,0,1
13,5,1,0,0,1
11,3,2,1,0,0
39,3,2,0,0,0
15,4,5,0,0,0
11,2,6,0,0,1
19,3,7,0,0,0
38,9,9,1,0,0
18,6,4,1,1,0
17,3,9,1,0,0
19,4,6,0,0,0
9,4,4,0,0,1
19,5,7,0,0,0
9,4,5,0,0,0
24,8,8,0,0,1
17,7,9,1,1,0
12,3,7,0,0,0
17,7,7,1,1,0
33,6,7,0,0,1
15,6,6,0,0,1
19,5,8,0,0,0
15,6,7,0,0,0
22,6,7,0,0,0
17,8,8,1,1,0
37,8,8,1,0,0
38,8,8,1,1,0
12,4,5,0,0,0
33,4,4,0,0,1
17,8,2,0,0,1
37,9,8,0,0,1
14,4,1,0,0,1
