Daichi Sasaki
Tomoki Yokoyama
6,7,6,0,0,0
22,3,4,0,0,0
1,2,6,0,0,0
38,8,8,1,0,0
13,8,8,0,0,0
34,2,2,0,0,0
14,3,8,0,0,0
34,3,3,0,0,0
1,2,5,0,0,0
37,2,2,0,0,0
19,6,8,0,0,0
39,6,2,0,0,0
19,7,8,0,0,0
39,7,2,0,0,0
8,9,6,0,0,0
28,9,4,0,0,0
3,4,6,0,0,0
39,8,2,0,0,0
14,4,7,0,0,0
33,7,2,0,0,0
2,3,6,0,0,0
36,5,2,0,0,0
13,7,7,0,0,0
25,6,4,0,0,0
16,5,8,0,0,0
26,7,4,0,0,0
19,8,8,0,0,0
31,7,3,0,0,0
16,6,8,0,0,0
36,6,3,0,0,0
9,9,8,0,0,0
27,8,4,0,0,0
19,9,9,0,0,0
24,5,4,0,0,0
13,8,8,0,0,0
25,6,5,0,0,0
38,3,1,0,0,1
18,4,2,0,0,1
38,2,2,1,0,0
34,2,2,0,0,0
15,7,8,0,0,0
18,6,4,0,0,0
12,3,7,0,0,0
23,4,4,0,0,0
1,2,4,0,0,0
21,2,4,0,0,0
17,2,4,0,0,0
38,3,3,0,0,1
17,2,8,0,0,0
31,8,5,0,0,0
37,4,1,0,0,1
28,9,5,0,0,0
8,9,5,0,0,0
1,9,7,0,0,1
11,9,7,0,0,0
31,9,7,1,0,0
9,9,7,0,0,0
11,8,5,0,0,1
31,8,6,0,0,1
11,9,7,1,0,0
13,9,7,0,0,0
9,2,3,0,0,1
12,2,5,0,0,0
34,3,1,0,0,0
12,3,3,0,0,0
9,2,8,1,0,0
38,4,3,0,0,1
18,5,5,0,0,0
5,6,6,0,0,0
17,4,9,0,0,1
19,9,8,0,0,0
32,3,3,0,0,0
14,5,8,0,0,0
34,3,2,0,0,0
37,1,1,1,0,0
12,8,5,0,0,1
14,4,9,0,0,0
12,9,7,1,0,0
19,9,7,0,0,0
34,4,3,0,0,0
30,9,4,0,0,1
18,6,6,0,0,0
11,8,8,0,0,1
13,9,9,0,0,1
19,9,8,0,0,0
13,8,8,1,0,0
15,8,8,0,0,0
38,7,9,0,0,1
13,7,7,0,0,1
18,7,7,1,0,0
16,7,7,0,0,0
11,9,6,0,0,1
18,9,7,0,0,1
11,8,8,1,0,0
18,8,8,0,0,0
5,9,7,0,0,1
18,9,7,0,0,0
13,8,9,0,0,1
19,8,9,0,0,0
38,9,7,1,0,0
19,7,8,0,0,0
18,7,9,0,0,1
13,6,8,0,0,1
18,8,8,1,0,0
19,6,7,0,0,0
9,3,9,1,1,0
21,6,4,0,0,1
36,6,4,0,0,0
14,4,8,0,0,0
9,3,8,1,1,0
19,5,8,0,0,0
15,4,9,0,0,1
14,5,9,0,0,0
18,7,7,1,1,0
13,7,7,0,0,0
38,8,7,1,1,0
28,8,3,0,0,1
39,8,3,0,0,0
17,5,3,0,0,1
33,7,3,0,0,0
12,6,9,0,0,1
38,7,8,1,1,0
18,1,5,0,0,1
32,2,5,0,0,0
11,2,9,0,0,1
15,5,9,0,0,0
19,5,9,0,0,0
14,4,8,0,0,1
