Yuya Nagaoka
Yoshikazu Minami
1,2,6,0,0,0
22,3,4,0,0,0
6,7,6,0,0,0
23,4,4,0,0,0
14,4,8,0,0,0
37,3,2,0,0,0
1,2,5,0,0,0
38,3,3,0,0,0
19,6,8,0,0,0
34,4,2,0,0,0
19,7,8,0,0,0
39,6,2,0,0,0
18,7,7,0,0,0
28,9,4,0,0,0
19,8,8,0,0,0
34,4,3,0,0,0
4,5,6,0,0,0
33,7,2,0,0,0
14,5,7,0,0,0
39,7,1,0,0,0
9,9,8,0,0,0
39,8,2,0,0,0
19,9,9,0,0,0
34,5,4,0,0,0
15,7,8,0,0,0
34,6,5,0,0,0
6,7,5,0,0,0
34,7,6,0,0,0
18,8,8,0,0,0
34,8,5,0,0,0
14,6,8,0,0,0
28,9,5,0,0,0
18,6,6,0,0,0
34,7,6,0,0,0
17,2,6,0,0,0
25,6,4,0,0,0
16,5,9,0,0,0
36,5,2,0,0,0
16,6,9,0,0,0
34,6,5,0,0,0
18,8,8,0,0,0
26,7,4,0,0,0
5,6,6,0,0,0
34,5,4,0,0,0
6,7,4,0,0,0
34,6,3,0,0,0
5,6,5,0,0,0
25,6,5,0,0,0
18,5,5,0,0,0
39,9,2,0,0,0
13,8,8,0,0,0
24,5,4,0,0,0
18,4,6,0,0,0
23,4,5,0,0,0
18,5,7,0,0,0
34,7,4,0,0,0
14,7,7,0,0,0
27,8,4,0,0,0
16,7,9,0,0,0
36,6,3,0,0,0
1,2,4,0,0,0
21,2,4,0,0,0
3,4,6,0,0,0
31,7,3,0,0,0
26,6,4,0,0,1
36,6,4,0,0,0
3,4,5,0,0,0
31,8,5,0,0,0
14,8,6,0,0,0
5,7,7,0,0,1
15,6,8,0,0,0
25,6,6,0,0,0
18,2,4,0,0,0
25,6,7,1,0,0
15,6,7,0,0,0
37,2,2,0,0,0
18,3,3,1,0,0
37,2,6,0,0,0
38,5,3,0,0,1
5,7,8,1,0,0
16,7,8,0,0,0
32,3,3,0,0,0
38,2,6,1,0,0
17,2,8,0,0,1
38,5,3,1,1,0
36,6,3,0,0,0
38,6,3,1,1,0
34,6,3,0,0,0
23,7,9,0,0,1
6,7,7,0,0,1
11,7,7,0,0,0
31,7,7,1,0,0
14,7,7,0,0,0
18,4,9,0,0,1
21,6,4,0,0,1
34,7,4,0,0,0
31,8,6,0,0,1
34,8,3,0,0,0
21,6,3,1,0,0
33,6,3,0,0,0
36,7,3,0,0,1
35,7,2,0,0,0
37,3,2,0,0,1
1,6,2,0,0,1
25,6,4,0,0,1
35,7,3,0,0,0
25,6,3,1,0,0
35,6,3,0,0,0
5,6,4,0,0,1
35,6,4,0,0,0
37,6,2,1,0,0
11,7,2,0,0,1
33,9,4,0,0,1
36,8,2,0,0,1
33,8,3,0,0,0
39,8,3,0,0,0
34,7,4,0,0,1
35,7,4,0,0,0
31,7,4,0,0,0
39,7,4,0,0,0
6,6,4,0,0,1
26,7,3,0,0,1
6,6,3,1,0,0
38,3,5,0,0,1
37,6,1,1,1,0
31,7,5,0,0,1
6,7,2,1,1,0
36,7,2,0,0,0
35,6,5,0,0,1
39,8,3,0,0,0
35,7,5,0,0,0
36,7,1,0,0,0
37,6,4,1,1,0
39,7,2,0,0,0
11,6,5,0,0,1
33,6,2,0,0,1
1,6,3,0,0,1
33,5,1,0,0,0
11,7,3,1,0,0
39,6,1,0,0,0
31,4,4,0,0,1
