Kei Kato
Sae Ito
4,5,6,0,0,0
22,3,4,0,0,0
17,5,8,0,0,0
38,3,3,0,0,0
6,7,6,0,0,0
34,4,2,0,0,0
0,1,6,0,0,0
20,1,4,0,0,0
8,9,6,0,0,0
23,4,4,0,0,0
13,6,8,0,0,0
34,4,3,0,0,0
2,3,6,0,0,0
37,2,2,0,0,0
1,2,6,0,0,0
39,6,2,0,0,0
8,9,5,0,0,0
39,7,2,0,0,0
15,7,9,0,0,0
23,4,5,0,0,0
4,5,5,0,0,0
38,4,4,0,0,0
19,6,9,0,0,0
32,3,3,0,0,0
19,7,8,0,0,0
36,4,2,0,0,0
14,4,8,0,0,0
21,2,4,0,0,0
12,3,7,0,0,0
21,2,5,0,0,0
1,2,5,0,0,0
32,2,5,0,0,0
12,4,5,0,0,0
32,3,7,1,0,0
14,3,7,0,0,0
37,2,9,1,0,0
16,5,9,0,0,0
37,1,9,1,1,0
14,4,6,0,0,0
39,8,2,0,0,0
2,3,5,0,0,0
22,3,5,0,0,0
32,5,6,0,0,1
38,2,2,0,0,0
21,2,3,0,0,1
38,1,3,0,0,0
4,5,4,0,0,0
34,5,4,0,0,0
18,1,1,1,0,0
22,3,6,0,0,0
23,3,8,0,0,1
36,5,2,0,0,0
18,4,4,1,1,0
35,6,2,0,0,0
18,6,6,1,1,0
10,4,1,0,0,1
32,4,4,0,0,0
10,4,4,0,0,0
18,4,4,1,1,0
1,4,3,0,0,1
18,6,6,1,1,0
32,3,4,0,0,1
30,8,6,0,0,1
33,7,2,0,0,0
10,8,5,0,0,1
32,4,6,0,0,0
3,4,6,0,0,0
25,6,4,0,0,0
17,5,4,0,0,0
24,5,4,0,0,0
10,8,3,1,0,0
33,8,3,0,0,0
30,8,3,1,0,0
39,8,3,0,0,0
32,7,5,0,0,1
39,7,2,0,0,0
27,5,3,0,0,1
10,8,2,0,0,1
27,5,2,1,0,0
35,5,2,0,0,0
36,5,1,0,0,1
14,6,1,0,0,1
36,5,2,0,0,0
14,5,2,0,0,0
35,5,3,0,0,1
10,8,7,1,0,0
19,8,7,0,0,0
17,8,4,0,0,1
19,7,8,0,0,0
36,8,7,0,0,1
19,6,9,0,0,0
14,5,3,0,0,0
34,6,3,0,0,1
