Manao Kagawa
Momoko Kato
6,7,6,0,0,0
27,8,4,0,0,0
17,7,8,0,0,0
27,8,5,0,0,0
18,7,7,0,0,0
33,6,2,0,0,0
19,4,8,0,0,0
39,4,2,0,0,0
13,6,8,0,0,0
39,3,2,0,0,0
0,1,6,0,0,0
20,1,4,0,0,0
14,3,8,0,0,0
22,3,4,0,0,0
5,6,6,0,0,0
35,5,2,0,0,0
19,3,9,0,0,0
24,5,4,0,0,0
15,5,8,0,0,0
38,3,3,0,0,0
19,2,8,0,0,0
39,2,2,0,0,0
13,6,7,0,0,0
23,4,4,0,0,0
6,7,5,0,0,0
35,4,3,0,0,0
18,6,8,0,0,0
33,5,3,0,0,0
4,5,6,0,0,0
34,3,2,0,0,0
1,2,6,0,0,0
21,2,4,0,0,0
2,3,6,0,0,0
38,4,2,0,0,0
6,7,4,0,0,0
26,7,4,0,0,0
17,7,4,0,0,0
6,7,3,0,0,1
17,7,9,0,0,0
34,2,3,0,0,0
14,2,7,0,0,0
36,3,2,0,0,0
16,3,8,0,0,0
28,9,4,0,0,0
8,9,6,0,0,0
32,3,3,0,0,0
15,4,8,0,0,0
23,4,5,0,0,0
10,1,8,0,0,0
33,4,4,0,0,0
17,7,6,0,0,0
37,8,4,0,0,0
19,1,9,0,0,0
24,5,5,0,0,0
4,5,5,0,0,0
33,5,5,0,0,0
5,6,5,0,0,0
37,5,4,0,0,0
18,7,7,0,0,0
4,5,6,0,0,1
26,5,8,0,0,1
38,5,3,0,0,0
15,3,7,0,0,0
38,4,4,0,0,0
17,7,5,0,0,0
21,2,5,0,0,0
17,8,5,0,0,0
21,2,6,0,0,0
14,2,6,0,0,0
1,8,4,0,0,1
17,8,6,0,0,0
23,4,6,0,0,0
3,4,6,0,0,0
33,4,6,0,0,0
15,4,6,0,0,0
38,2,6,0,0,0
24,2,4,0,0,1
34,2,4,0,0,0
15,4,5,0,0,0
3,2,7,0,0,1
16,2,7,0,0,0
38,4,8,1,0,0
15,5,4,0,0,0
35,5,4,0,0,0
27,2,3,0,0,1
39,2,3,0,0,0
21,2,5,0,0,1
34,2,5,0,0,0
37,2,1,0,0,1
14,2,2,0,0,1
37,4,1,1,0,0
15,4,2,0,0,1
37,5,1,1,1,0
24,2,6,0,0,1
23,2,4,0,0,1
39,1,3,0,0,0
16,1,7,0,0,0
34,3,6,0,0,0
18,6,8,0,0,0
24,2,7,1,0,0
0,1,5,0,0,0
38,1,5,1,1,0
16,2,6,0,0,0
24,2,6,1,1,0
10,1,5,0,0,0
20,1,5,0,0,0
23,2,3,1,0,0
39,2,3,0,0,0
33,2,4,0,0,1
39,1,4,0,0,0
37,1,1,1,1,0
14,1,1,0,0,0
33,1,3,1,0,0
39,2,5,0,0,0
38,1,4,0,0,1
39,1,6,0,0,0
38,3,6,0,0,0
37,3,8,0,0,1
30,2,8,0,0,1
37,3,6,1,0,0
17,5,6,0,0,0
10,1,8,0,0,1
