Toshiaki Kubo
Eiji Ijima
6,7,6,0,0,0
22,3,4,0,0,0
0,1,6,0,0,0
20,1,4,0,0,0
5,6,6,0,0,0
27,8,4,0,0,0
17,7,8,0,0,0
27,8,5,0,0,0
18,7,7,0,0,0
39,4,2,0,0,0
13,6,8,0,0,0
33,6,2,0,0,0
4,5,6,0,0,0
39,3,2,0,0,0
13,5,7,0,0,0
24,5,4,0,0,0
19,4,8,0,0,0
33,5,3,0,0,0
15,5,8,0,0,0
38,3,3,0,0,0
2,3,6,0,0,0
35,5,2,0,0,0
3,4,6,0,0,0
23,4,4,0,0,0
12,3,7,0,0,0
35,4,3,0,0,0
17,6,8,0,0,0
26,7,4,0,0,0
5,6,5,0,0,0
26,7,5,0,0,0
6,7,5,0,0,0
27,8,6,0,0,0
7,8,6,0,0,0
23,4,5,0,0,0
17,6,6,0,0,0
38,6,6,0,0,0
18,6,6,0,0,0
37,8,6,0,0,0
18,1,1,1,0,0
37,8,9,1,0,0
38,1,2,0,0,1
32,3,3,0,0,0
12,4,5,0,0,0
39,4,2,0,0,0
12,3,3,1,0,0
35,3,3,0,0,0
32,4,5,0,0,1
35,3,2,0,0,0
38,2,1,1,0,0
11,3,7,0,0,1
16,5,9,0,0,0
17,4,9,0,0,1
19,3,8,0,0,0
37,5,9,1,1,0
15,5,9,0,0,0
16,4,7,0,0,1
19,2,8,0,0,0
17,5,9,1,0,0
37,8,2,0,0,1
39,5,1,0,0,0
37,8,1,1,0,0
12,6,1,0,0,1
13,4,8,0,0,0
16,4,8,0,0,0
14,4,8,0,0,0
17,4,8,1,1,0
19,1,7,0,0,0
13,2,8,0,0,1
19,2,6,0,0,0
17,4,6,1,1,0
31,4,3,0,0,1
39,5,2,0,0,0
37,7,2,1,1,0
15,6,2,0,0,1
32,5,3,1,0,0
39,5,3,0,0,0
33,4,4,0,0,1
17,4,4,1,1,0
37,6,2,1,1,0
39,6,2,0,0,0
18,4,4,1,1,0
14,5,3,0,0,1
18,3,4,1,1,0
21,2,4,0,0,0
18,2,4,1,1,0
37,2,3,0,0,1
16,3,4,0,0,1
37,2,1,0,0,0
31,3,1,1,0,0
7,2,5,0,0,1
19,2,5,0,0,0
32,3,3,0,0,1
16,3,3,0,0,0
37,2,4,0,0,0
19,2,4,0,0,0
35,3,3,0,0,0
19,3,3,0,0,0
38,4,2,0,0,1
19,3,4,0,0,0
16,4,4,0,0,1
19,2,3,0,0,0
18,3,4,0,0,1
19,1,3,0,0,0
33,1,2,0,0,1
19,1,4,0,0,0
33,2,3,0,0,0
19,1,3,0,0,0
38,3,1,0,0,0
17,2,2,0,0,1
38,2,2,0,0,0
19,2,2,0,0,0
17,1,2,0,0,1
