Momoko Kato
Kana Satomi
1,2,6,0,0,0
22,3,4,0,0,0
14,4,8,0,0,0
24,5,4,0,0,0
19,6,8,0,0,0
37,5,2,0,0,0
1,2,5,0,0,0
38,3,3,0,0,0
6,7,6,0,0,0
24,5,5,0,0,0
2,3,6,0,0,0
34,4,2,0,0,0
14,3,7,0,0,0
34,5,3,0,0,0
14,4,6,0,0,0
34,4,4,0,0,0
19,7,8,0,0,0
39,6,2,0,0,0
16,5,8,0,0,0
39,7,2,0,0,0
5,6,6,0,0,0
33,6,2,0,0,0
16,6,7,0,0,0
33,5,3,0,0,0
18,7,7,0,0,0
33,5,4,0,0,0
12,3,7,0,0,0
39,8,2,0,0,0
18,8,6,0,0,0
37,6,2,0,0,0
11,7,7,0,0,0
25,6,4,0,0,0
19,8,9,0,0,0
35,7,2,0,0,0
15,7,8,0,0,0
37,6,1,0,0,0
4,5,6,0,0,0
24,5,6,0,0,0
16,5,6,0,0,0
37,5,1,0,0,0
24,5,3,0,0,1
34,5,3,0,0,0
1,2,4,0,0,0
38,2,4,0,0,0
5,6,5,0,0,0
25,6,5,0,0,0
11,6,5,0,0,0
34,4,4,0,0,0
12,4,5,0,0,0
4,6,4,0,0,1
12,5,3,1,0,0
34,5,3,0,0,0
11,5,3,1,0,0
37,5,3,0,0,0
18,6,4,0,0,0
37,5,1,0,0,0
25,5,5,0,0,1
33,6,3,0,0,0
18,8,6,0,0,0
24,6,4,0,0,1
2,3,5,0,0,0
22,3,5,0,0,0
14,4,5,0,0,0
22,3,6,0,0,0
4,6,5,0,0,1
24,6,5,0,0,0
25,5,4,0,0,0
1,5,2,0,0,1
14,3,6,0,0,0
33,7,4,0,0,0
14,4,5,0,0,0
24,6,6,0,0,0
3,4,6,0,0,0
33,8,5,0,0,0
18,7,5,0,0,0
38,3,3,0,0,0
22,6,3,0,0,1
33,7,4,0,0,0
18,6,6,0,0,0
38,6,6,0,0,0
16,6,6,0,0,0
18,3,9,0,0,1
17,6,8,0,0,0
33,6,3,0,0,0
38,5,5,0,0,1
18,5,7,1,0,0
17,2,8,0,0,0
36,3,2,0,0,0
17,2,7,0,0,0
18,4,8,1,1,0
16,7,5,0,0,0
5,6,4,0,0,1
17,2,8,0,0,0
18,3,9,1,1,0
17,6,8,0,0,0
18,5,7,1,1,0
17,3,8,0,0,0
32,3,3,0,0,0
34,6,8,0,0,1
18,4,7,1,1,0
17,3,5,0,0,0
37,6,1,0,0,0
24,6,7,0,0,1
26,7,4,0,0,0
16,8,5,0,0,0
31,7,3,0,0,0
16,8,6,0,0,0
12,4,1,0,0,1
6,7,5,0,0,0
26,7,5,0,0,0
16,7,5,0,0,0
2,7,4,0,0,1
16,7,6,0,0,0
4,3,1,0,0,1
14,3,6,0,0,0
18,5,6,1,1,0
16,6,6,0,0,0
18,5,5,1,1,0
17,5,5,0,0,0
5,6,5,0,0,0
16,7,6,0,0,0
38,3,7,0,0,1
14,3,5,0,0,0
38,1,9,1,0,0
26,3,4,0,0,1
32,2,5,0,0,0
26,3,3,1,0,0
36,3,3,0,0,0
18,2,2,0,0,1
33,6,4,0,0,0
17,5,7,0,0,0
38,1,8,1,1,0
25,5,3,1,0,0
33,5,3,0,0,0
18,3,1,1,0,0
38,6,3,1,1,0
4,3,4,0,0,1
36,4,4,0,0,0
14,4,4,0,0,0
23,4,4,0,0,0
17,5,5,0,0,0
21,2,4,0,0,0
18,3,2,1,1,0
38,6,4,1,1,0
17,5,9,0,0,0
10,5,4,0,0,1
17,3,9,0,0,0
14,7,5,0,0,1
16,7,7,0,0,0
10,5,8,1,0,0
4,3,3,1,0,0
11,5,6,0,0,1
34,5,9,0,0,0
10,6,9,1,1,0
4,4,3,1,1,0
31,8,5,0,0,0
13,8,8,0,0,0
31,7,7,0,0,0
15,7,7,0,0,0
11,6,8,1,0,0
34,6,8,0,0,0
10,6,8,1,1,0
4,5,3,1,1,0
34,7,6,0,0,1
33,7,9,0,0,1
10,7,9,1,1,0
17,7,9,0,0,0
33,6,8,0,0,1
15,7,8,0,0,0
33,7,9,1,0,0
15,7,9,0,0,0
17,3,9,0,0,1
18,5,4,1,1,0
38,5,4,1,1,0
4,5,4,1,1,0
18,7,8,0,0,1
19,7,8,0,0,0
16,7,7,0,0,1
19,8,9,0,0,0
16,8,8,0,0,0
19,8,8,0,0,0
34,7,7,1,0,0
