Takuya Nagase
Kazuki Kimura
1,2,6,0,0,0
27,8,4,0,0,0
1,2,5,0,0,0
27,8,5,0,0,0
15,7,8,0,0,0
36,3,2,0,0,0
14,3,8,0,0,0
33,7,2,0,0,0
8,9,6,0,0,0
39,5,2,0,0,0
3,4,6,0,0,0
26,7,4,0,0,0
1,2,4,0,0,0
21,2,4,0,0,0
17,2,4,0,0,0
22,3,4,0,0,0
6,7,6,0,0,0
31,7,3,0,0,0
18,7,7,0,0,0
38,7,7,1,0,0
11,7,7,0,0,0
34,2,2,0,0,0
6,7,5,0,0,0
37,8,4,0,0,0
38,5,6,0,0,1
26,7,5,0,0,0
21,7,4,0,0,1
34,2,3,0,0,0
17,2,5,0,0,0
26,7,6,0,0,0
21,7,3,1,0,0
33,7,3,0,0,0
11,8,5,0,0,0
33,6,4,0,0,0
11,9,3,1,0,0
1,2,4,0,0,1
11,8,3,1,1,0
1,2,5,0,0,0
11,8,4,1,1,0
26,7,7,1,0,0
37,8,2,0,0,1
6,7,2,0,0,1
15,7,7,0,0,0
17,8,9,0,0,1
15,7,8,0,0,0
35,7,1,0,0,0
37,8,3,1,0,0
21,8,2,0,0,1
37,7,4,1,1,0
17,9,9,1,0,0
19,4,8,0,0,0
9,5,4,0,0,1
38,4,7,0,0,0
35,6,2,0,0,0
31,6,6,0,0,1
1,2,6,0,0,0
27,2,8,0,0,1
17,9,6,1,1,0
28,9,7,0,0,1
17,9,5,1,1,0
11,8,5,1,1,0
17,9,7,1,1,0
37,7,6,1,1,0
1,2,7,1,0,0
14,2,7,0,0,0
17,9,8,1,1,0
11,7,4,1,1,0
33,5,5,0,0,0
38,6,5,0,0,0
18,9,7,0,0,1
26,9,9,0,0,1
17,9,9,1,1,0
7,8,6,0,0,0
39,4,1,0,0,0
13,6,8,0,0,0
17,8,9,1,1,0
15,8,7,0,0,0
6,7,3,0,0,0
11,7,5,1,1,0
39,3,1,0,0,0
16,5,9,0,0,0
25,6,4,0,0,0
38,3,8,0,0,0
18,8,8,1,0,0
15,8,8,0,0,0
17,8,8,1,1,0
1,7,9,0,0,1
29,9,7,1,0,0
18,7,7,0,0,1
17,9,8,1,1,0
31,5,4,0,0,0
24,5,4,0,0,0
11,6,4,1,1,0
29,8,7,1,1,0
18,5,5,0,0,0
24,5,5,0,0,0
38,6,5,0,0,0
31,3,5,0,0,1
14,3,6,0,0,0
8,2,7,0,0,1
19,5,8,0,0,0
17,9,4,1,1,0
11,7,3,1,1,0
28,7,5,0,0,1
37,8,5,1,1,0
17,6,4,1,1,0
38,8,7,0,0,0
17,7,3,1,1,0
9,2,6,0,0,1
11,2,4,0,0,1
9,2,4,0,0,0
34,2,4,0,0,0
29,2,6,0,0,1
15,8,4,0,0,1
29,2,4,0,0,0
15,8,5,0,0,0
29,2,1,1,0,0
39,2,1,0,0,0
11,2,4,0,0,1
37,3,8,0,0,1
16,4,8,0,0,0
37,4,8,1,0,0
19,4,8,0,0,0
9,4,7,0,0,1
14,4,7,0,0,0
31,4,7,1,0,0
19,4,7,0,0,0
8,2,8,1,0,0
11,3,2,1,0,0
39,3,2,0,0,0
32,4,4,0,0,1
