Takuya Nagase
Akihito Hirose
1,2,6,0,0,0
27,8,4,0,0,0
1,2,5,0,0,0
27,8,5,0,0,0
6,7,6,0,0,0
36,3,2,0,0,0
18,7,7,0,0,0
22,3,4,0,0,0
13,8,8,0,0,0
38,7,7,1,0,0
13,7,7,0,0,0
34,2,2,0,0,0
0,1,6,0,0,0
34,3,3,0,0,0
0,1,5,0,0,0
33,6,2,0,0,0
15,7,8,0,0,0
26,7,4,0,0,0
14,4,8,0,0,0
33,7,3,0,0,0
3,4,6,0,0,0
39,4,2,0,0,0
14,4,7,0,0,0
35,5,2,0,0,0
14,5,6,0,0,0
39,3,1,0,0,0
5,6,6,0,0,0
33,8,4,0,0,0
8,9,6,0,0,0
26,7,5,0,0,0
8,9,5,0,0,0
26,7,6,0,0,0
13,7,6,0,0,0
24,5,4,0,0,0
14,6,7,0,0,0
25,6,4,0,0,0
26,7,5,0,0,1
35,6,3,0,0,0
11,7,7,0,0,0
36,4,2,0,0,0
16,5,8,0,0,0
39,3,2,0,0,0
2,3,6,0,0,0
6,7,4,0,0,1
26,7,4,0,0,0
35,7,4,0,0,0
6,7,2,0,0,1
26,7,5,0,0,1
13,8,5,0,0,0
33,8,5,0,0,0
11,8,5,0,0,0
26,7,6,0,0,0
38,6,3,0,0,1
35,8,5,0,0,0
6,7,1,1,0,0
37,8,3,0,0,0
38,8,1,1,0,0
18,7,7,0,0,1
19,4,9,0,0,0
18,9,9,1,0,0
38,9,1,1,1,0
26,7,7,1,0,0
38,6,4,1,1,0
26,6,7,1,1,0
15,6,7,0,0,0
13,6,3,0,0,1
31,2,4,0,0,1
21,2,4,0,0,0
1,2,4,0,0,0
9,2,2,0,0,1
33,2,3,0,0,1
39,4,1,0,0,0
38,6,5,1,1,0
14,7,4,0,0,1
38,3,8,1,1,0
11,5,5,0,0,1
15,6,8,0,0,0
35,7,5,0,0,0
29,8,6,0,0,1
35,8,6,0,0,0
7,8,6,0,0,0
37,8,6,0,0,0
6,6,1,1,1,0
37,8,9,1,0,0
19,4,8,0,0,0
39,5,2,0,0,0
27,7,5,0,0,1
14,7,5,0,0,0
35,7,3,0,0,1
39,6,1,0,0,0
35,6,3,0,0,0
7,6,2,0,0,1
35,7,3,0,0,0
27,7,2,0,0,1
13,7,8,0,0,1
37,8,4,1,1,0
33,2,2,0,0,0
31,4,4,0,0,1
9,3,7,0,0,1
27,7,3,0,0,0
1,2,3,1,0,0
34,2,2,0,0,0
1,2,2,1,1,0
32,3,3,0,0,0
17,2,3,1,0,0
6,2,8,0,0,1
12,1,7,0,0,0
22,3,5,0,0,0
1,3,2,1,1,0
22,3,6,0,0,0
9,3,6,0,0,0
32,4,5,0,0,0
3,4,5,0,0,0
35,4,6,0,0,1
3,4,4,0,0,0
29,4,5,0,0,1
17,2,1,1,1,0
39,7,2,0,0,0
38,9,2,1,1,0
35,3,6,0,0,0
19,5,9,0,0,0
9,6,7,0,0,1
25,8,5,0,0,1
37,8,5,1,1,0
15,6,7,0,0,0
11,6,7,0,0,0
16,6,7,0,0,0
37,8,8,1,1,0
32,8,4,0,0,1
37,8,4,1,1,0
31,8,7,0,0,1
32,4,6,0,0,1
34,6,1,0,0,1
39,6,3,0,0,0
31,7,5,0,0,0
39,5,3,0,0,0
3,4,3,1,0,0
36,4,3,0,0,0
14,4,4,0,0,1
