Amahiko Sato
Akihito Hirose
6,7,6,0,0,0
27,8,4,0,0,0
13,6,8,0,0,0
22,3,4,0,0,0
13,7,7,0,0,0
33,6,2,0,0,0
1,2,6,0,0,0
36,3,2,0,0,0
1,2,5,0,0,0
26,7,4,0,0,0
15,7,8,0,0,0
25,6,4,0,0,0
14,4,8,0,0,0
33,6,3,0,0,0
2,3,6,0,0,0
31,7,3,0,0,0
18,7,9,0,0,0
34,4,2,0,0,0
19,6,9,0,0,0
24,5,4,0,0,0
14,3,7,0,0,0
27,8,5,0,0,0
18,6,8,0,0,0
34,3,3,0,0,0
4,5,6,0,0,0
38,3,1,0,0,0
2,3,5,0,0,0
22,3,5,0,0,0
14,2,6,0,0,0
22,3,6,0,0,0
14,3,5,0,0,0
25,6,5,0,0,0
18,4,6,0,0,0
39,6,2,0,0,0
17,2,6,0,0,0
37,8,1,0,0,0
17,3,6,0,0,0
35,5,2,0,0,0
12,3,7,0,0,0
38,6,4,0,0,0
18,6,8,0,0,0
36,4,2,0,0,0
19,7,9,0,0,0
28,9,4,0,0,0
8,9,6,0,0,0
20,1,4,0,0,0
16,5,8,0,0,0
34,4,4,0,0,0
14,4,6,0,0,0
32,1,3,0,0,0
5,6,6,0,0,0
2,3,5,0,0,1
17,2,6,0,0,0
25,6,6,0,0,0
22,6,5,0,0,1
31,6,5,0,0,0
13,6,6,0,0,0
27,8,6,0,0,0
7,8,6,0,0,0
5,8,8,0,0,1
11,7,7,0,0,0
31,7,7,1,0,0
15,7,7,0,0,0
11,3,4,0,0,1
17,2,9,0,0,0
11,4,6,0,0,0
3,4,6,0,0,0
2,3,6,0,0,0
25,6,5,0,0,1
38,8,2,0,0,0
12,4,5,0,0,0
2,3,7,1,0,0
31,6,4,0,0,1
2,4,7,1,1,0
16,4,7,0,0,0
14,3,8,0,0,1
17,2,8,0,0,0
14,4,7,1,0,0
19,8,8,0,0,0
16,6,9,0,0,1
15,7,8,0,0,0
16,6,8,0,0,0
17,6,8,0,0,0
22,6,7,0,0,1
15,6,7,0,0,0
14,4,6,1,1,0
11,8,4,0,0,1
34,4,5,0,0,0
16,7,2,0,0,1
39,5,3,0,0,0
16,8,1,0,0,0
38,7,3,0,0,0
11,7,2,1,0,0
38,8,4,0,0,0
31,5,2,1,0,0
36,5,2,0,0,0
37,8,3,0,0,1
38,6,6,0,0,0
15,6,6,0,0,0
39,4,4,0,0,0
27,3,6,0,0,1
34,3,6,0,0,0
38,7,1,0,0,1
12,5,3,0,0,1
11,6,2,1,1,0
13,5,7,0,0,1
17,6,7,0,0,0
13,6,6,1,0,0
17,6,6,0,0,0
18,5,7,0,0,1
17,6,9,0,0,0
3,6,8,0,0,1
17,8,9,0,0,0
18,6,6,1,0,0
35,7,7,0,0,1
18,5,6,1,1,0
13,6,7,0,0,1
36,6,2,0,0,0
38,6,2,1,0,0
15,7,2,0,0,1
37,6,3,1,0,0
15,6,3,0,0,0
38,6,3,1,1,0
18,4,5,1,1,0
33,4,2,0,0,1
31,6,1,0,0,1
2,5,6,0,0,1
3,6,9,1,0,0
17,6,9,0,0,0
12,6,5,0,0,0
38,6,2,1,1,0
11,5,3,0,0,1
35,7,8,0,0,0
14,5,6,1,1,0
13,5,6,0,0,0
18,5,6,1,1,0
36,6,7,0,0,1
37,4,8,0,0,1
5,6,8,0,0,1
18,4,7,1,1,0
15,5,9,0,0,1
27,6,6,0,0,1
36,6,6,0,0,0
13,5,8,0,0,1
15,4,8,0,0,0
13,6,9,0,0,0
35,7,9,0,0,0
18,4,8,1,1,0
37,4,6,0,0,1
39,3,5,0,0,0
37,4,8,0,0,0
34,3,7,0,0,0
37,4,7,0,0,0
39,3,6,0,0,0
37,8,7,0,0,0
15,7,7,0,0,1
37,7,7,0,0,0
12,7,7,1,0,0
19,7,7,0,0,0
17,5,9,0,0,1
22,3,8,0,0,1
34,3,8,1,0,0
38,6,3,1,1,0
4,6,5,0,0,1
38,6,4,1,1,0
24,5,5,0,0,0
38,5,4,1,1,0
11,4,5,0,0,0
18,1,8,0,0,1
39,3,7,0,0,0
38,6,5,1,1,0
11,5,7,1,0,0
3,3,9,0,0,1
17,3,9,1,0,0
14,2,9,0,0,1
34,2,9,1,1,0
38,2,9,1,1,0
17,2,9,1,1,0
18,2,9,0,0,0
14,3,8,0,0,1
17,3,3,0,0,1
25,3,6,0,0,1
18,3,8,0,0,0
38,4,5,0,0,1
34,3,9,0,0,1
