Tetsuro Itodani
Sota Fujii
1,2,6,0,0,0
27,8,4,0,0,0
1,2,5,0,0,0
27,8,5,0,0,0
6,7,6,0,0,0
36,3,2,0,0,0
18,7,7,0,0,0
22,3,4,0,0,0
13,6,8,0,0,0
38,7,7,1,0,0
13,7,7,0,0,0
34,2,2,0,0,0
0,1,6,0,0,0
20,1,4,0,0,0
14,4,8,0,0,0
34,3,3,0,0,0
2,3,6,0,0,0
33,6,2,0,0,0
14,3,7,0,0,0
25,6,4,0,0,0
19,6,8,0,0,0
33,6,3,0,0,0
14,4,6,0,0,0
28,9,4,0,0,0
8,9,6,0,0,0
33,5,4,0,0,0
19,7,8,0,0,0
26,7,4,0,0,0
15,6,8,0,0,0
31,7,3,0,0,0
4,5,6,0,0,0
35,6,2,0,0,0
14,5,5,0,0,0
33,5,5,0,0,0
4,5,5,0,0,0
31,6,5,0,0,0
33,7,1,0,0,1
37,8,1,0,0,0
33,6,2,1,0,0
39,6,2,0,0,0
13,6,6,0,0,0
14,6,3,0,0,1
17,5,8,0,0,0
34,4,4,0,0,0
38,3,7,0,0,1
18,2,7,0,0,1
16,4,8,0,0,0
18,3,6,1,0,0
13,6,5,0,0,0
25,6,5,0,0,0
4,5,4,0,0,0
24,5,4,0,0,0
35,7,3,0,0,1
39,5,3,0,0,0
35,6,3,0,0,0
39,6,3,0,0,0
14,8,2,0,0,1
18,3,7,1,1,0
14,8,1,0,0,0
18,1,9,1,1,0
12,3,7,0,0,0
10,5,5,0,0,1
31,5,6,0,0,1
33,6,2,0,0,1
37,4,1,0,0,1
10,5,6,0,0,0
17,5,6,0,0,0
31,6,4,0,0,1
17,5,9,0,0,0
18,3,7,1,1,0
16,3,7,0,0,0
31,7,6,0,0,0
18,7,2,0,0,1
39,7,3,0,0,0
18,5,4,1,0,0
31,6,8,1,0,0
19,6,8,0,0,0
12,7,6,0,0,1
19,5,8,0,0,0
35,6,8,0,0,1
19,4,8,0,0,0
35,5,9,0,0,0
