Takuya Nagase
Sota Fujii
1,2,6,0,0,0
27,8,4,0,0,0
1,2,5,0,0,0
27,8,5,0,0,0
15,7,8,0,0,0
36,3,2,0,0,0
14,3,8,0,0,0
33,7,2,0,0,0
8,9,6,0,0,0
39,5,2,0,0,0
19,6,8,0,0,0
20,1,4,0,0,0
6,7,6,0,0,0
27,8,6,0,0,0
7,8,6,0,0,0
37,8,6,0,0,0
2,3,6,0,0,0
26,7,4,0,0,0
1,2,4,0,0,0
21,2,4,0,0,0
17,2,4,0,0,0
31,7,3,0,0,0
17,7,4,0,0,0
37,8,1,0,0,0
27,8,7,0,0,1
7,2,3,0,0,1
12,3,7,0,0,0
35,6,2,0,0,0
17,7,5,0,0,0
22,3,4,0,0,0
17,2,5,0,0,0
1,8,6,0,0,1
27,8,6,0,0,0
37,8,6,0,0,0
18,2,2,1,0,0
34,2,2,0,0,0
13,8,8,0,0,0
32,3,3,0,0,0
17,2,7,0,0,0
22,3,5,0,0,0
17,2,6,0,0,0
37,7,6,0,0,0
21,7,7,0,0,1
37,8,6,0,0,0
26,8,7,0,0,1
37,8,5,0,0,0
21,7,6,0,0,0
22,3,6,0,0,0
17,3,6,0,0,0
18,5,4,0,0,1
17,2,6,0,0,0
27,3,6,0,0,1
1,3,4,0,0,1
27,3,7,1,0,0
1,3,3,1,0,0
34,3,3,0,0,0
14,3,7,0,0,0
6,3,6,0,0,1
22,3,4,0,0,1
34,2,4,0,0,0
14,4,6,0,0,0
18,7,6,0,0,0
11,7,7,0,0,0
37,8,1,0,0,0
32,7,4,0,0,1
18,9,4,0,0,0
27,2,5,0,0,1
34,1,3,0,0,0
17,3,6,0,0,0
34,2,2,0,0,0
32,6,2,1,0,0
39,6,2,0,0,0
6,7,4,0,0,1
12,6,6,0,0,1
15,7,9,0,0,0
32,7,6,0,0,1
19,5,9,0,0,0
32,8,8,1,0,0
15,8,8,0,0,0
18,6,7,1,0,0
19,4,8,0,0,0
13,2,7,0,0,1
17,3,5,0,0,0
23,4,4,0,0,0
32,7,5,0,0,1
23,4,5,0,0,0
14,4,5,0,0,0
2,3,7,0,0,1
16,3,9,0,0,0
2,3,8,1,0,0
16,3,8,0,0,0
12,5,8,1,0,0
19,3,7,0,0,0
13,3,8,1,0,0
19,3,8,0,0,0
18,5,7,1,1,0
6,7,3,1,0,0
33,7,3,0,0,0
32,6,3,1,0,0
39,6,3,0,0,0
31,5,5,0,0,1
