Kana Satomi
Tomoka Nishiyama
4,5,6,0,0,0
22,3,4,0,0,0
17,5,8,0,0,0
37,3,2,0,0,0
13,6,8,0,0,0
34,4,2,0,0,0
13,5,7,0,0,0
39,6,2,0,0,0
8,9,6,0,0,0
28,9,4,0,0,0
19,4,8,0,0,0
21,2,4,0,0,0
7,8,6,0,0,0
21,2,5,0,0,0
14,2,8,0,0,0
36,5,2,0,0,0
7,8,5,0,0,0
33,8,2,0,0,0
19,3,8,0,0,0
20,1,4,0,0,0
0,1,6,0,0,0
39,7,2,0,0,0
6,7,6,0,0,0
35,6,2,0,0,0
16,4,8,0,0,0
38,8,8,1,0,0
17,8,8,0,0,0
37,2,2,0,0,0
11,7,7,0,0,0
32,3,3,0,0,0
7,8,4,0,0,0
27,8,4,0,0,0
17,8,4,0,0,0
7,8,3,0,0,1
17,8,9,0,0,0
21,2,6,0,0,0
1,2,6,0,0,0
37,2,6,0,0,0
27,2,7,0,0,1
37,2,4,0,0,0
15,6,8,0,0,0
23,4,4,0,0,0
2,3,6,0,0,0
34,4,3,0,0,0
13,4,6,0,0,0
37,2,1,0,0,0
38,6,6,0,0,1
26,7,4,0,0,0
13,5,5,0,0,0
18,2,4,0,0,1
15,5,8,0,0,0
23,4,5,0,0,0
8,9,5,0,0,0
28,9,5,0,0,0
11,8,5,0,0,0
24,5,4,0,0,0
13,4,4,0,0,0
34,4,4,0,0,0
38,4,4,0,0,0
23,4,6,0,0,0
14,3,7,0,0,0
23,4,7,1,0,0
15,4,7,0,0,0
37,4,1,0,0,0
38,6,6,0,0,0
13,7,8,0,0,1
21,9,2,0,0,1
29,9,2,0,0,0
23,9,3,0,0,1
29,9,3,0,0,0
11,9,3,1,0,0
31,9,3,0,0,0
9,9,5,0,0,0
13,8,9,0,0,0
9,9,3,1,0,0
33,9,3,0,0,0
38,9,3,1,0,0
1,9,2,0,0,1
38,6,6,1,1,0
9,4,4,0,0,1
28,4,6,0,0,1
8,4,5,0,0,1
34,3,2,0,0,1
37,4,2,0,0,0
31,5,8,0,0,1
11,2,5,0,0,1
34,3,1,0,0,0
37,4,3,0,0,0
33,3,2,0,0,1
8,4,6,0,0,0
14,4,6,0,0,0
9,4,6,0,0,0
33,4,3,1,0,0
9,4,7,1,0,0
16,4,7,0,0,0
3,4,6,0,0,1
31,4,6,0,0,0
17,6,8,0,0,1
37,4,8,0,0,1
15,5,8,0,0,1
33,5,2,1,1,0
15,4,8,0,0,0
38,4,8,1,1,0
18,4,6,0,0,0
36,3,9,0,0,1
14,5,7,0,0,1
15,5,9,0,0,1
14,4,8,1,0,0
16,4,8,0,0,0
37,3,7,0,0,1
12,3,7,0,0,0
18,3,7,1,0,0
