Takayuki Yamasaki
Sota Fujii
1,2,6,0,0,0
27,8,4,0,0,0
1,2,5,0,0,0
27,8,5,0,0,0
15,7,8,0,0,0
36,3,2,0,0,0
14,3,8,0,0,0
33,7,2,0,0,0
8,9,6,0,0,0
39,5,2,0,0,0
3,4,6,0,0,0
28,9,4,0,0,0
14,4,7,0,0,0
26,7,4,0,0,0
2,3,6,0,0,0
22,3,4,0,0,0
1,2,4,0,0,0
21,2,4,0,0,0
17,2,4,0,0,0
31,7,3,0,0,0
19,5,8,0,0,0
27,8,6,0,0,0
7,8,6,0,0,0
37,8,6,0,0,0
21,8,7,0,0,1
37,8,1,0,0,0
16,4,8,0,0,0
35,6,2,0,0,0
4,5,6,0,0,0
1,2,3,0,0,1
17,2,5,0,0,0
25,6,4,0,0,0
12,3,7,0,0,0
33,6,3,0,0,0
13,6,8,0,0,0
25,6,5,0,0,0
4,5,5,0,0,0
26,7,5,0,0,0
13,5,7,0,0,0
34,4,2,0,0,0
14,5,6,0,0,0
20,1,4,0,0,0
17,2,9,0,0,0
37,8,4,0,0,0
6,7,6,0,0,0
26,7,6,0,0,0
5,6,6,0,0,0
39,4,1,0,0,0
5,6,5,0,0,0
24,5,4,0,0,0
18,6,6,0,0,0
37,7,4,0,0,0
4,5,4,0,0,0
7,5,5,0,0,1
18,5,5,0,0,0
38,5,5,0,0,0
14,5,5,0,0,0
26,7,7,1,0,0
27,7,5,0,0,1
37,8,4,0,0,0
11,7,7,0,0,0
6,7,6,0,0,1
5,6,4,0,0,0
33,5,2,0,0,0
38,2,6,0,0,1
35,7,2,0,0,0
4,5,3,1,0,0
33,5,3,0,0,0
12,4,5,0,0,0
4,5,2,0,0,1
12,5,3,1,0,0
4,5,3,0,0,0
25,5,4,0,0,1
6,7,7,1,0,0
25,5,3,1,0,0
6,7,8,1,1,0
24,2,2,0,0,1
34,5,3,0,0,0
38,5,3,1,0,0
25,5,2,0,0,1
33,4,2,0,0,1
36,4,2,0,0,0
38,4,2,1,1,0
39,4,2,0,0,0
24,2,1,1,0,0
37,8,7,1,0,0
32,5,4,0,0,1
39,5,1,0,0,0
19,4,9,0,0,0
18,6,5,0,0,1
7,5,6,0,0,1
12,3,7,0,0,1
16,3,7,0,0,0
37,5,7,1,1,0
