Atsushi Miyata
Nariyuki Hatakeyama
1,2,6,0,0,0
22,3,4,0,0,0
6,7,6,0,0,0
23,4,4,0,0,0
14,4,8,0,0,0
34,4,2,0,0,0
1,2,5,0,0,0
38,3,3,0,0,0
2,3,6,0,0,0
34,4,3,0,0,0
19,6,8,0,0,0
27,8,4,0,0,0
14,3,7,0,0,0
36,3,2,0,0,0
16,5,8,0,0,0
35,5,2,0,0,0
18,7,7,0,0,0
27,8,5,0,0,0
13,8,8,0,0,0
33,6,2,0,0,0
14,4,6,0,0,0
24,5,4,0,0,0
19,7,8,0,0,0
26,7,4,0,0,0
2,3,5,0,0,0
26,7,5,0,0,0
6,7,5,0,0,0
37,7,2,0,0,0
2,3,4,0,0,0
34,3,4,0,0,0
17,3,8,0,0,0
35,4,3,0,0,0
14,3,5,0,0,0
34,3,5,0,0,0
17,3,5,0,0,0
2,3,4,0,0,1
17,3,6,0,0,0
37,7,5,0,0,0
26,7,6,0,0,1
37,7,4,0,0,0
34,8,2,0,0,1
31,7,3,0,0,0
34,9,1,0,0,0
27,8,6,0,0,0
7,8,6,0,0,0
37,8,4,0,0,0
18,6,6,0,0,0
37,8,1,0,0,0
34,8,2,1,0,0
37,8,2,0,0,0
18,9,3,1,0,0
37,8,1,0,0,0
29,8,4,0,0,1
37,9,1,0,0,0
18,8,2,1,1,0
37,9,4,0,0,0
29,8,3,1,0,0
6,8,1,0,0,1
18,8,1,1,1,0
23,4,5,0,0,0
29,7,3,1,1,0
33,7,3,0,0,0
18,7,2,1,1,0
37,7,4,0,0,0
31,6,6,0,0,1
37,7,6,0,0,0
13,7,7,0,0,0
37,7,5,0,0,0
22,7,6,0,0,1
26,7,1,0,0,1
18,8,3,1,1,0
29,8,2,0,0,1
18,8,2,1,1,0
33,8,2,0,0,0
22,7,5,0,0,0
18,2,8,0,0,1
12,3,7,0,0,0
14,2,7,0,0,1
12,4,5,0,0,0
14,3,6,0,0,0
12,3,3,1,0,0
32,3,3,0,0,0
29,4,6,0,0,1
32,4,5,0,0,0
37,8,1,0,0,1
33,7,3,0,0,0
37,7,1,1,0,0
12,6,1,0,0,1
27,3,3,0,0,1
36,3,3,0,0,0
38,8,3,0,0,1
34,5,2,0,0,1
38,7,2,1,0,0
39,4,2,0,0,0
22,7,4,0,0,0
33,6,4,0,0,0
37,8,2,1,1,0
27,8,1,0,0,1
37,9,2,1,1,0
17,4,9,0,0,1
38,6,1,1,1,0
35,5,3,0,0,0
38,5,2,1,1,0
35,5,2,0,0,0
34,6,1,0,0,1
39,4,3,0,0,0
37,5,2,1,1,0
39,4,4,0,0,0
35,2,6,0,0,1
17,6,9,1,0,0
19,6,9,0,0,0
38,8,7,0,0,1
12,7,8,0,0,1
18,3,7,1,0,0
17,4,1,0,0,1
15,4,3,0,0,1
35,3,6,0,0,0
18,3,6,1,1,0
29,4,5,0,0,0
18,4,5,1,1,0
14,4,6,0,0,1
18,4,6,1,1,0
3,4,6,0,0,0
39,3,5,0,0,0
37,4,3,1,1,0
36,4,3,0,0,0
17,4,3,1,0,0
37,2,9,0,0,1
18,5,9,0,0,1
