Akira Watanabe
Sota Fujii
1,2,6,0,0,0
27,8,4,0,0,0
1,2,5,0,0,0
27,8,5,0,0,0
15,7,8,0,0,0
36,3,2,0,0,0
14,3,8,0,0,0
33,7,2,0,0,0
8,9,6,0,0,0
20,1,4,0,0,0
0,1,6,0,0,0
28,9,4,0,0,0
19,5,8,0,0,0
27,8,6,0,0,0
7,8,6,0,0,0
37,8,6,0,0,0
27,8,7,0,0,1
37,8,4,0,0,0
6,7,6,0,0,0
39,5,2,0,0,0
18,6,6,0,0,0
37,7,4,0,0,0
11,7,7,0,0,0
37,7,6,0,0,0
1,2,4,0,0,0
21,2,4,0,0,0
17,2,4,0,0,0
22,3,4,0,0,0
13,6,8,0,0,0
38,6,6,0,0,0
5,6,6,0,0,0
34,2,2,0,0,0
2,3,6,0,0,0
34,2,3,0,0,0
17,2,8,0,0,0
7,2,4,0,0,1
13,6,7,0,0,0
37,7,4,0,0,0
19,6,8,0,0,0
37,8,4,0,0,0
14,3,7,0,0,0
32,3,3,0,0,0
14,4,6,0,0,0
26,7,4,0,0,0
2,3,5,0,0,0
22,3,5,0,0,0
16,5,8,0,0,0
26,7,5,0,0,0
38,5,6,0,0,1
22,3,6,0,0,0
17,2,6,0,0,0
18,3,4,0,0,1
38,3,4,0,0,0
34,3,4,0,0,0
17,2,4,0,0,0
6,2,3,0,0,1
17,2,6,0,0,0
34,2,5,0,0,0
17,2,8,0,0,0
34,3,4,0,0,0
21,7,4,0,0,1
22,3,7,1,0,0
14,3,7,0,0,0
1,3,8,0,0,1
7,3,5,0,0,1
34,3,5,0,0,0
22,3,4,0,0,1
32,4,5,0,0,0
17,2,5,0,0,0
38,4,4,0,0,1
14,4,6,0,0,0
34,3,6,0,0,0
14,4,5,0,0,0
34,2,5,0,0,0
14,4,4,0,0,0
23,4,4,0,0,0
18,2,1,0,0,1
14,3,1,0,0,1
22,3,3,1,0,0
36,3,3,0,0,0
18,6,5,1,0,0
17,8,9,0,0,1
18,7,5,1,1,0
37,8,3,0,0,0
12,1,7,0,0,0
34,3,4,0,0,0
26,3,5,0,0,1
34,4,5,0,0,0
11,6,5,0,0,0
14,4,2,0,0,0
38,2,5,0,0,1
36,4,3,0,0,0
11,5,3,1,0,0
14,5,3,0,0,0
38,4,3,1,0,0
39,4,3,0,0,0
32,5,5,0,0,1
