Daichi Sasaki
Masayuki Toyoshima
1,2,6,0,0,0
27,8,4,0,0,0
1,2,5,0,0,0
27,8,5,0,0,0
15,7,8,0,0,0
36,3,2,0,0,0
14,3,8,0,0,0
33,6,2,0,0,0
8,9,6,0,0,0
28,9,4,0,0,0
19,5,8,0,0,0
27,8,6,0,0,0
7,8,6,0,0,0
37,8,6,0,0,0
27,8,7,0,0,1
37,8,2,0,0,0
6,7,6,0,0,0
35,5,2,0,0,0
2,3,6,0,0,0
22,3,4,0,0,0
1,2,4,0,0,0
21,2,4,0,0,0
17,2,4,0,0,0
39,4,2,0,0,0
12,3,7,0,0,0
7,2,3,0,0,1
17,3,4,0,0,0
38,8,8,1,0,0
13,8,8,0,0,0
32,3,3,0,0,0
21,2,9,0,0,1
34,2,2,0,0,0
16,4,8,0,0,0
39,3,1,0,0,0
0,1,6,0,0,0
33,5,1,0,0,0
17,3,5,0,0,0
39,2,1,0,0,0
17,5,5,0,0,0
33,4,2,0,0,0
17,5,6,0,0,0
33,3,1,0,0,0
38,7,1,0,0,1
37,8,4,0,0,0
38,5,3,1,0,0
35,5,3,0,0,0
17,5,3,1,0,0
28,9,5,0,0,0
8,9,5,0,0,0
1,8,6,0,0,1
27,8,6,0,0,0
37,8,6,0,0,0
17,5,1,1,1,0
18,4,4,0,0,1
22,8,7,0,0,1
37,7,6,0,0,0
13,7,7,0,0,0
37,3,6,0,0,0
17,8,1,1,1,0
27,5,6,0,0,1
4,5,6,0,0,0
6,5,7,0,0,1
19,6,9,0,0,0
2,8,8,0,0,1
15,8,8,0,0,0
37,5,6,0,0,0
24,3,4,0,0,1
38,3,9,0,0,1
35,4,9,0,0,1
38,4,8,1,0,0
35,4,8,0,0,0
16,5,8,0,0,1
19,7,8,0,0,0
16,4,8,0,0,0
24,3,3,1,0,0
34,3,3,0,0,0
28,3,4,0,0,1
34,3,4,0,0,0
1,3,3,0,0,1
36,3,3,0,0,0
38,7,5,0,0,1
35,6,4,0,0,1
38,6,4,0,0,0
25,6,4,0,0,0
31,6,8,0,0,1
37,5,2,0,0,0
35,4,1,0,0,1
33,2,2,0,0,0
35,4,2,0,0,0
4,3,1,0,0,1
35,5,2,0,0,0
6,5,8,1,0,0
31,5,6,0,0,0
18,3,5,0,0,0
32,4,6,0,0,1
16,3,8,0,0,0
15,9,7,0,0,0
24,5,1,0,0,1
35,4,2,0,0,0
29,9,5,0,0,0
27,9,6,0,0,1
14,5,3,0,0,1
35,4,1,0,0,0
16,3,7,0,0,0
37,8,2,0,0,1
12,6,5,0,0,1
17,9,2,1,1,0
14,6,2,0,0,0
2,5,3,0,0,1
28,9,1,0,0,1
17,9,5,1,1,0
14,7,1,0,0,0
37,4,2,1,0,0
36,3,2,0,0,0
37,5,1,1,1,0
38,3,3,0,0,1
37,7,1,1,1,0
12,7,7,1,0,0
11,7,7,0,0,0
13,6,9,0,0,1
19,8,8,0,0,0
18,4,6,0,0,0
12,4,4,0,0,1
32,7,6,0,0,1
19,9,8,0,0,0
18,7,9,1,0,0
12,3,2,1,0,0
4,3,2,0,0,0
36,3,1,0,0,1
33,3,1,0,0,0
35,3,1,0,0,0
39,2,2,0,0,0
35,2,1,0,0,0
39,1,2,0,0,0
