Sota Fujii
Masayuki Toyoshima
1,2,6,0,0,0
27,8,4,0,0,0
1,2,5,0,0,0
27,8,5,0,0,0
15,7,8,0,0,0
36,3,2,0,0,0
14,3,8,0,0,0
33,7,2,0,0,0
8,9,6,0,0,0
28,9,4,0,0,0
19,6,8,0,0,0
20,1,4,0,0,0
0,1,6,0,0,0
39,5,2,0,0,0
1,2,4,0,0,0
21,2,4,0,0,0
17,2,4,0,0,0
1,2,3,0,0,1
17,2,6,0,0,0
22,3,4,0,0,0
17,3,6,0,0,0
36,3,3,0,0,0
6,7,6,0,0,0
27,8,6,0,0,0
7,8,6,0,0,0
37,8,6,0,0,0
21,8,7,0,0,1
37,8,4,0,0,0
17,2,6,0,0,0
36,3,2,0,0,0
3,4,6,0,0,0
7,8,6,0,0,1
21,8,6,0,0,0
37,8,6,0,0,0
3,4,5,0,0,0
26,7,4,0,0,0
17,3,6,0,0,0
31,7,3,0,0,0
17,3,4,0,0,0
32,3,3,0,0,0
3,4,4,0,0,0
23,4,4,0,0,0
0,1,5,0,0,0
28,9,5,0,0,0
0,1,4,0,0,0
28,9,6,0,0,0
27,8,7,0,0,1
37,7,6,0,0,0
0,1,3,1,0,0
30,1,3,0,0,0
7,1,4,0,0,1
30,1,4,0,0,0
17,1,4,0,0,0
28,9,7,1,0,0
9,9,7,0,0,0
21,9,6,0,0,1
9,9,6,0,0,0
3,9,7,0,0,1
9,9,1,1,0,0
3,9,8,1,0,0
11,7,7,0,0,0
8,1,3,0,0,1
17,1,6,0,0,0
37,1,6,0,0,0
10,1,6,0,0,0
6,3,6,0,0,1
2,3,6,0,0,0
32,4,5,0,0,0
30,3,5,0,0,1
0,3,4,0,0,1
30,3,4,0,0,0
7,3,3,0,0,1
22,4,6,0,0,1
7,3,4,0,0,0
37,9,2,0,0,1
3,8,8,1,1,0
13,8,8,0,0,0
30,3,7,0,0,1
12,3,7,0,0,0
32,3,7,1,0,0
14,3,7,0,0,0
18,4,7,0,0,1
29,5,8,0,0,1
17,2,9,0,0,1
30,3,9,0,0,1
12,7,6,0,0,1
19,7,9,0,0,0
18,5,8,1,0,0
16,5,8,0,0,0
17,3,9,1,0,0
32,6,9,0,0,1
17,3,7,1,1,0
18,9,4,0,0,1
17,2,8,1,1,0
18,7,2,1,0,0
35,7,2,0,0,0
37,7,2,1,0,0
39,4,3,0,0,0
33,5,2,0,0,1
39,3,3,0,0,0
37,7,3,1,1,0
17,5,8,1,1,0
31,2,5,0,0,1
39,4,2,0,0,0
