Masayuki Toyoshima
Yuki Sasaki
1,2,6,0,0,0
27,8,4,0,0,0
1,2,5,0,0,0
27,8,5,0,0,0
15,7,8,0,0,0
36,3,2,0,0,0
14,3,8,0,0,0
33,7,2,0,0,0
19,5,8,0,0,0
28,9,4,0,0,0
8,9,6,0,0,0
27,8,6,0,0,0
7,8,6,0,0,0
37,8,6,0,0,0
27,8,7,0,0,1
37,8,4,0,0,0
2,3,6,0,0,0
22,3,4,0,0,0
1,2,4,0,0,0
21,2,4,0,0,0
17,2,4,0,0,0
7,2,3,0,0,1
17,2,5,0,0,0
38,4,4,0,0,0
14,3,7,0,0,0
34,4,2,0,0,0
6,7,6,0,0,0
26,7,4,0,0,0
14,4,6,0,0,0
33,7,3,0,0,0
16,4,8,0,0,0
33,6,4,0,0,0
12,3,7,0,0,0
38,8,8,1,0,0
13,8,8,0,0,0
23,4,4,0,0,0
17,2,9,0,0,0
34,4,3,0,0,0
13,7,7,0,0,0
35,5,2,0,0,0
0,1,6,0,0,0
20,1,4,0,0,0
13,6,6,0,0,0
24,5,4,0,0,0
11,7,7,0,0,0
39,4,2,0,0,0
0,1,5,0,0,0
20,1,5,0,0,0
21,1,3,0,0,1
31,7,3,0,0,0
10,1,5,0,0,0
23,4,5,0,0,0
14,4,5,0,0,0
32,3,3,0,0,0
21,1,2,1,0,0
1,4,6,0,0,1
10,1,3,1,0,0
32,4,5,0,0,0
12,4,5,0,0,0
39,5,1,0,0,0
3,4,6,0,0,0
18,1,8,0,0,1
17,3,9,0,0,0
30,1,2,0,0,0
10,1,2,1,1,0
0,4,7,0,0,1
16,4,7,0,0,0
18,2,7,1,0,0
32,5,6,0,0,1
14,3,8,0,0,1
30,8,6,0,0,1
21,8,5,0,0,1
30,8,5,0,0,0
31,8,5,0,0,0
32,6,4,0,0,0
35,6,2,0,0,0
12,5,3,1,0,0
25,6,4,0,0,0
17,1,9,0,0,0
31,7,7,1,0,0
15,7,7,0,0,0
14,4,7,0,0,0
19,4,7,0,0,0
18,2,6,1,1,0
12,6,2,1,1,0
39,6,2,0,0,0
33,3,7,0,0,1
32,5,5,0,0,1
13,5,5,0,0,0
18,3,7,1,1,0
19,3,7,0,0,0
11,2,5,0,0,1
19,4,7,0,0,0
24,5,5,0,0,0
14,5,1,0,0,1
39,6,3,0,0,0
38,6,2,0,0,1
