Akihito Hirose
Akira Inaba
1,2,6,0,0,0
22,3,4,0,0,0
6,7,6,0,0,0
23,4,4,0,0,0
14,4,8,0,0,0
28,9,4,0,0,0
8,9,6,0,0,0
27,8,4,0,0,0
1,2,5,0,0,0
38,3,3,0,0,0
13,6,8,0,0,0
34,3,2,0,0,0
15,7,8,0,0,0
34,4,3,0,0,0
19,6,9,0,0,0
36,3,2,0,0,0
4,5,6,0,0,0
33,6,2,0,0,0
13,7,7,0,0,0
26,7,4,0,0,0
18,7,9,0,0,0
35,5,2,0,0,0
2,3,6,0,0,0
31,7,3,0,0,0
16,5,8,0,0,0
27,8,5,0,0,0
14,3,7,0,0,0
39,4,1,0,0,0
0,1,6,0,0,0
24,5,4,0,0,0
5,6,6,0,0,0
25,6,4,0,0,0
16,6,7,0,0,0
23,4,5,0,0,0
3,4,6,0,0,0
25,6,5,0,0,0
5,6,5,0,0,0
31,6,5,0,0,0
13,6,6,0,0,0
27,8,6,0,0,0
7,8,6,0,0,0
37,8,6,0,0,0
25,8,7,0,0,1
37,8,1,0,0,0
3,4,5,0,0,0
33,5,3,0,0,0
14,4,6,0,0,0
37,6,1,0,0,0
2,3,5,0,0,0
26,7,5,0,0,0
4,5,5,0,0,0
5,8,8,0,0,1
18,8,8,0,0,0
24,5,5,0,0,0
2,3,4,0,0,0
34,3,4,0,0,0
27,6,4,0,0,1
33,6,4,0,0,0
23,3,5,0,0,1
34,4,3,0,0,0
1,2,4,0,0,0
21,2,4,0,0,0
3,4,4,0,0,0
34,4,4,0,0,0
23,3,4,0,0,0
38,2,2,0,0,0
5,4,5,0,0,1
34,5,3,0,0,0
11,7,7,0,0,0
24,5,6,0,0,0
11,6,5,0,0,0
33,6,5,0,0,0
31,3,3,0,0,1
32,3,3,0,0,0
13,6,5,0,0,0
37,6,5,0,0,0
22,5,4,0,0,1
34,5,4,0,0,0
23,3,3,1,0,0
36,3,3,0,0,0
32,3,4,0,0,1
11,8,6,0,0,1
25,8,6,0,0,0
7,8,7,0,0,1
18,6,6,0,0,0
31,7,4,0,0,1
18,7,5,0,0,0
36,3,4,0,0,0
11,4,4,0,0,1
7,8,8,1,0,0
11,5,2,1,0,0
39,5,2,0,0,0
33,5,3,0,0,1
39,4,3,0,0,0
33,4,2,1,0,0
39,3,3,0,0,0
26,6,6,0,0,1
37,7,5,0,0,0
35,3,2,0,0,1
39,2,3,0,0,0
35,2,2,0,0,0
39,2,2,0,0,0
6,7,5,0,0,0
18,1,4,0,0,1
19,6,8,0,0,0
13,3,3,0,0,1
38,3,1,0,0,1
39,2,3,0,0,0
15,8,8,0,0,0
18,4,7,1,0,0
37,2,1,0,0,1
32,2,2,0,0,1
38,2,2,1,0,0
13,2,2,0,0,0
32,3,5,0,0,1
36,3,5,0,0,0
14,3,5,0,0,0
38,4,6,0,0,1
14,4,6,0,0,0
18,4,6,1,1,0
19,7,7,0,0,0
18,2,8,1,1,0
37,2,2,1,0,0
39,2,2,0,0,0
38,4,4,0,0,1
