Takuya Nagase
Takumi Ito
1,2,6,0,0,0
27,8,4,0,0,0
1,2,5,0,0,0
27,8,5,0,0,0
6,7,6,0,0,0
36,3,2,0,0,0
18,7,7,0,0,0
22,3,4,0,0,0
13,8,8,0,0,0
38,7,7,1,0,0
13,7,7,0,0,0
34,2,2,0,0,0
0,1,6,0,0,0
20,1,4,0,0,0
14,3,8,0,0,0
34,3,3,0,0,0
2,3,6,0,0,0
33,6,2,0,0,0
15,7,8,0,0,0
25,6,4,0,0,0
19,6,8,0,0,0
26,7,4,0,0,0
12,3,7,0,0,0
35,5,2,0,0,0
3,4,6,0,0,0
31,7,3,0,0,0
14,4,7,0,0,0
28,9,4,0,0,0
8,9,6,0,0,0
33,6,3,0,0,0
16,5,8,0,0,0
37,8,1,0,0,0
5,6,6,0,0,0
39,6,2,0,0,0
19,7,9,0,0,0
24,5,4,0,0,0
17,2,9,0,0,0
39,7,2,0,0,0
19,8,8,0,0,0
35,6,2,0,0,0
4,5,6,0,0,0
23,4,4,0,0,0
13,6,8,0,0,0
34,4,2,0,0,0
13,6,7,0,0,0
34,4,3,0,0,0
1,2,4,0,0,0
21,2,4,0,0,0
17,2,4,0,0,0
1,2,3,0,0,1
17,2,9,0,0,0
32,3,3,0,0,0
11,7,7,0,0,0
35,5,2,0,0,0
12,2,5,0,0,0
32,2,5,0,0,0
17,2,5,0,0,0
39,6,2,0,0,0
17,2,9,0,0,0
39,5,1,0,0,0
19,7,9,0,0,0
27,8,6,0,0,0
7,8,6,0,0,0
37,8,6,0,0,0
32,8,5,0,0,1
31,8,5,0,0,0
21,8,7,0,0,1
31,7,7,1,0,0
21,8,6,0,0,0
12,3,7,0,0,1
17,2,5,0,0,0
32,8,7,0,0,1
19,6,9,0,0,0
31,7,8,1,1,0
19,7,8,0,0,0
32,9,9,1,0,0
17,8,5,0,0,0
39,4,2,0,0,0
17,8,1,1,0,0
11,5,1,0,0,1
37,2,1,0,0,1
18,2,2,0,0,1
31,2,5,0,0,1
15,3,1,0,0,1
37,2,2,1,0,0
36,2,2,0,0,0
19,6,8,0,0,0
1,2,4,0,0,0
38,7,3,0,0,1
1,2,5,0,0,0
38,9,1,1,0,0
12,4,9,1,0,0
38,7,3,1,1,0
15,4,1,0,0,0
19,5,7,0,0,0
31,5,3,0,0,1
6,7,5,0,0,0
26,7,5,0,0,0
38,8,4,1,1,0
26,7,6,0,0,0
17,7,1,1,1,0
9,7,4,0,0,1
29,7,8,0,0,1
1,2,6,0,0,0
27,2,8,0,0,1
37,2,9,0,0,1
29,7,6,0,0,0
37,2,8,1,0,0
5,6,5,0,0,0
1,2,7,1,0,0
29,7,4,0,0,0
25,6,5,0,0,0
26,6,6,0,0,1
1,3,7,1,1,0
26,6,5,0,0,0
1,4,7,1,1,0
19,6,6,0,0,0
1,5,8,1,1,0
19,7,5,0,0,0
37,2,5,1,1,0
9,3,5,0,0,1
14,9,2,0,0,1
29,7,3,1,0,0
22,3,5,0,0,0
25,2,6,0,0,1
37,2,6,1,1,0
29,8,2,1,1,0
7,8,3,0,0,1
29,8,3,1,1,0
16,8,1,0,0,1
7,7,2,0,0,1
16,7,1,0,0,0
7,7,1,1,0,0
17,7,7,0,0,1
18,7,6,0,0,1
1,6,8,1,1,0
16,8,7,0,0,1
17,7,9,1,0,0
29,9,2,1,1,0
1,6,7,1,1,0
19,8,5,0,0,0
1,7,7,1,1,0
