Motoji Hanamura
Yasuharu Oyama
1,2,6,0,0,0
27,8,4,0,0,0
1,2,5,0,0,0
27,8,5,0,0,0
15,7,8,0,0,0
36,3,2,0,0,0
1,2,4,0,0,0
21,2,4,0,0,0
17,2,4,0,0,0
1,2,3,0,0,1
17,2,6,0,0,0
33,6,2,0,0,0
8,9,6,0,0,0
20,1,4,0,0,0
8,9,5,0,0,0
25,6,4,0,0,0
14,3,8,0,0,0
33,6,3,0,0,0
19,4,8,0,0,0
34,4,2,0,0,0
19,3,9,0,0,0
24,5,4,0,0,0
13,6,8,0,0,0
39,4,1,0,0,0
0,1,6,0,0,0
26,7,4,0,0,0
18,9,7,0,0,0
34,5,3,0,0,0
17,9,6,0,0,0
22,3,4,0,0,0
5,6,6,0,0,0
36,4,2,0,0,0
15,6,7,0,0,0
39,3,2,0,0,0
15,5,6,0,0,0
23,4,4,0,0,0
5,6,5,0,0,0
25,6,5,0,0,0
15,6,5,0,0,0
5,6,4,0,0,1
15,6,6,0,0,0
37,8,4,0,0,0
18,7,9,0,0,0
35,5,2,0,0,0
15,5,6,0,0,0
31,7,3,0,0,0
15,4,6,0,0,0
32,3,3,0,0,0
15,3,6,0,0,0
23,4,5,0,0,0
15,2,6,0,0,0
34,4,4,0,0,0
0,1,5,0,0,0
20,1,5,0,0,0
21,1,4,0,0,1
30,1,4,0,0,0
25,1,3,0,0,1
38,1,3,0,0,0
10,1,5,0,0,0
30,1,5,0,0,0
15,1,5,0,0,0
27,8,6,0,0,0
20,1,4,0,0,1
38,3,1,0,0,0
17,8,6,0,0,0
37,8,6,0,0,0
7,8,6,0,0,0
17,1,8,0,0,1
37,1,6,0,0,1
0,1,7,0,0,1
12,1,7,0,0,0
17,1,9,1,0,0
19,4,8,0,0,0
23,4,6,0,0,0
3,4,6,0,0,0
21,8,8,0,0,1
18,8,8,0,0,0
10,8,7,0,0,1
18,9,7,0,0,0
10,8,9,1,0,0
30,2,9,0,0,1
10,9,9,1,1,0
20,1,3,1,0,0
25,4,7,0,0,1
19,5,8,0,0,0
38,1,3,0,0,0
30,2,3,1,0,0
39,2,3,0,0,0
12,2,5,0,0,0
17,1,6,1,1,0
12,1,3,1,0,0
39,1,3,0,0,0
15,1,6,0,0,0
11,6,6,0,0,1
19,4,7,0,0,0
12,5,5,0,0,1
19,5,6,0,0,0
39,2,2,0,0,0
17,6,1,0,0,1
37,1,8,0,0,1
27,2,3,0,0,1
39,3,2,0,0,0
19,6,6,0,0,0
37,3,8,1,0,0
