Shinichiro Hattori
Wakamu Deguchi
6,7,6,0,0,0
27,8,4,0,0,0
13,6,8,0,0,0
22,3,4,0,0,0
13,7,7,0,0,0
36,3,2,0,0,0
1,2,6,0,0,0
34,4,2,0,0,0
1,2,5,0,0,0
38,3,3,0,0,0
15,7,8,0,0,0
23,4,4,0,0,0
14,4,8,0,0,0
34,4,3,0,0,0
4,5,6,0,0,0
27,8,5,0,0,0
18,7,9,0,0,0
33,6,2,0,0,0
2,3,6,0,0,0
24,5,4,0,0,0
19,6,9,0,0,0
26,7,4,0,0,0
16,5,8,0,0,0
31,7,3,0,0,0
2,3,5,0,0,0
22,3,5,0,0,0
18,3,5,0,0,0
35,5,2,0,0,0
18,6,8,0,0,0
28,9,4,0,0,0
8,9,6,0,0,0
25,6,4,0,0,0
14,3,7,0,0,0
23,4,5,0,0,0
3,4,6,0,0,0
24,5,5,0,0,0
4,5,5,0,0,0
31,6,5,0,0,0
13,6,6,0,0,0
2,5,6,0,0,1
3,4,5,0,0,0
2,5,7,1,0,0
13,5,7,0,0,0
31,5,7,1,0,0
16,5,7,0,0,0
38,5,5,0,0,0
16,6,6,0,0,0
38,2,2,0,0,0
1,2,4,0,0,0
21,2,4,0,0,0
18,2,4,0,0,0
39,6,1,0,0,0
18,4,6,0,0,0
27,8,6,0,0,0
7,8,6,0,0,0
37,8,6,0,0,0
22,8,7,0,0,1
37,8,1,0,0,0
11,7,7,0,0,0
4,2,7,0,0,1
17,2,7,0,0,0
1,8,6,0,0,1
22,8,6,0,0,0
13,3,8,0,0,1
17,2,8,0,0,0
13,4,7,1,0,0
18,6,4,0,0,0
35,6,3,0,0,0
18,5,5,0,0,0
38,5,5,0,0,0
17,2,1,1,0,0
39,7,2,0,0,0
31,8,4,0,0,1
37,8,4,0,0,0
16,5,5,0,0,0
7,3,1,0,0,1
22,8,5,0,0,0
37,8,2,0,0,0
32,8,4,0,0,1
39,7,1,0,0,0
24,3,3,0,0,1
13,5,7,1,1,0
24,3,2,1,0,0
18,5,8,0,0,1
19,7,9,0,0,0
13,6,7,1,1,0
17,3,1,1,1,0
5,5,1,0,0,1
38,3,5,0,0,1
