Satoshi Ikenaga
Hiromu Watanabe
1,2,6,0,0,0
22,3,4,0,0,0
6,7,6,0,0,0
36,3,2,0,0,0
1,2,5,0,0,0
27,8,4,0,0,0
15,7,8,0,0,0
38,8,8,1,0,0
13,8,8,0,0,0
34,2,2,0,0,0
14,4,8,0,0,0
34,3,3,0,0,0
2,3,6,0,0,0
33,6,2,0,0,0
14,3,7,0,0,0
27,8,5,0,0,0
13,7,7,0,0,0
26,7,4,0,0,0
14,4,6,0,0,0
33,7,3,0,0,0
0,1,6,0,0,0
28,9,4,0,0,0
8,9,6,0,0,0
20,1,4,0,0,0
5,6,6,0,0,0
33,6,4,0,0,0
2,3,5,0,0,0
22,3,5,0,0,0
14,3,5,0,0,0
35,5,2,0,0,0
19,6,8,0,0,0
26,7,5,0,0,0
22,3,4,0,0,1
34,4,4,0,0,0
14,4,4,0,0,0
23,4,4,0,0,0
1,2,4,0,0,0
21,2,4,0,0,0
6,7,5,0,0,0
18,5,5,0,0,1
38,4,6,0,0,1
18,4,6,0,0,0
3,4,6,0,0,0
38,4,7,0,0,1
17,2,4,0,0,0
2,2,3,0,0,1
17,2,6,0,0,0
33,7,5,0,0,0
16,4,8,0,0,0
27,8,6,0,0,0
13,8,6,0,0,0
33,8,6,0,0,0
7,8,6,0,0,0
14,6,9,0,0,1
15,8,7,0,0,0
13,7,8,0,0,1
16,4,7,0,0,0
13,8,7,1,0,0
19,6,9,0,0,0
37,8,6,0,0,0
19,5,8,0,0,0
13,7,8,1,1,0
18,6,5,0,0,1
37,8,8,1,0,0
38,9,7,0,0,1
13,6,8,1,1,0
19,4,8,0,0,0
37,9,7,1,1,0
11,9,7,0,0,0
38,5,9,0,0,1
19,3,8,0,0,0
38,2,6,1,0,0
26,2,7,0,0,1
17,5,8,0,0,1
34,4,8,0,0,1
