Masayuki Toyoshima
Akira Inaba
6,7,6,0,0,0
27,8,4,0,0,0
13,6,8,0,0,0
22,3,4,0,0,0
13,7,7,0,0,0
33,6,2,0,0,0
1,2,6,0,0,0
26,7,4,0,0,0
1,2,5,0,0,0
36,3,2,0,0,0
15,7,8,0,0,0
25,6,4,0,0,0
1,2,4,0,0,0
21,2,4,0,0,0
17,2,4,0,0,0
27,8,5,0,0,0
17,3,4,0,0,0
38,4,4,0,0,0
3,4,6,0,0,0
36,3,3,0,0,0
17,3,6,0,0,0
24,5,4,0,0,0
3,4,5,0,0,0
38,5,3,0,0,0
0,1,6,0,0,0
33,6,3,0,0,0
13,6,8,0,0,0
34,2,2,0,0,0
14,3,8,0,0,0
36,2,4,0,0,0
19,6,9,0,0,0
24,5,5,0,0,0
18,5,5,0,0,0
33,5,4,0,0,0
18,7,7,0,0,0
33,4,5,0,0,0
17,6,6,0,0,0
1,2,8,0,0,1
21,4,4,0,0,1
23,4,4,0,0,0
17,2,6,0,0,0
34,3,3,0,0,0
12,1,7,0,0,0
37,2,2,0,0,0
14,4,7,0,0,0
35,5,2,0,0,0
19,7,9,0,0,0
39,6,2,0,0,0
4,5,6,0,0,0
33,5,4,0,0,0
4,5,5,0,0,0
33,6,3,0,0,0
14,5,6,0,0,0
35,4,3,0,0,0
16,5,9,0,0,0
39,7,2,0,0,0
5,6,6,0,0,0
23,4,5,0,0,0
17,2,7,0,0,0
1,2,9,1,0,0
17,2,9,0,0,0
3,2,7,0,0,1
2,3,6,0,0,0
36,3,4,0,0,0
22,2,4,0,0,1
37,2,4,0,0,0
24,2,5,0,0,1
37,2,2,0,0,0
5,6,5,0,0,0
25,6,5,0,0,0
14,6,5,0,0,0
31,7,3,0,0,0
14,5,4,0,0,0
35,5,4,0,0,0
4,5,4,0,0,0
33,5,4,0,0,0
1,5,5,0,0,1
33,6,5,0,0,0
18,9,5,0,0,0
14,8,2,0,0,1
11,7,7,0,0,0
33,7,6,0,0,0
35,6,6,0,0,1
21,6,7,0,0,1
35,7,6,0,0,0
21,6,8,1,0,0
16,6,8,0,0,0
38,2,6,0,0,0
1,5,4,0,0,0
34,4,4,0,0,0
25,6,4,0,0,1
22,6,2,0,0,1
11,8,5,0,0,0
5,8,4,0,0,1
18,8,4,0,0,0
38,3,7,1,0,0
33,5,3,0,0,1
34,5,5,0,0,0
21,4,2,0,0,1
13,7,1,0,0,1
11,7,3,1,0,0
14,7,3,0,0,0
18,7,3,1,0,0
39,7,3,0,0,0
31,6,5,0,0,1
39,8,3,0,0,0
33,6,2,0,0,0
34,6,4,0,0,0
33,7,1,1,0,0
34,6,5,0,0,0
35,6,5,0,0,0
18,4,7,0,0,1
14,8,5,0,0,1
18,6,5,1,0,0
13,8,4,0,0,1
39,8,2,0,0,0
34,7,2,0,0,1
