Daisuke Katagami
Keichi Sanada
1,2,6,0,0,0
27,8,4,0,0,0
1,2,5,0,0,0
27,8,5,0,0,0
15,7,8,0,0,0
36,3,2,0,0,0
14,3,8,0,0,0
33,7,2,0,0,0
8,9,6,0,0,0
28,9,4,0,0,0
19,6,8,0,0,0
20,1,4,0,0,0
6,7,6,0,0,0
26,7,4,0,0,0
1,2,4,0,0,0
21,2,4,0,0,0
17,2,4,0,0,0
33,7,3,0,0,0
2,3,6,0,0,0
27,8,6,0,0,0
7,8,6,0,0,0
37,8,6,0,0,0
21,8,7,0,0,1
37,8,5,0,0,0
12,3,7,0,0,0
1,2,3,0,0,1
17,2,9,0,0,0
33,6,4,0,0,0
3,4,6,0,0,0
34,4,2,0,0,0
16,4,8,0,0,0
24,5,4,0,0,0
19,5,8,0,0,0
37,8,2,0,0,0
13,6,8,0,0,0
26,7,5,0,0,0
6,7,5,0,0,0
38,1,3,0,0,0
14,4,7,0,0,0
33,7,5,0,0,0
17,2,5,0,0,0
7,7,4,0,0,1
13,7,7,0,0,0
23,4,4,0,0,0
0,1,6,0,0,0
38,3,1,0,0,0
27,7,6,0,0,1
33,6,4,0,0,0
13,6,8,0,0,0
34,4,3,0,0,0
5,6,6,0,0,0
34,3,4,0,0,0
17,2,9,0,0,0
7,7,5,0,0,0
13,6,7,0,0,0
7,7,6,0,0,0
13,7,6,0,0,0
33,7,5,0,0,0
13,7,5,0,0,0
38,7,5,0,0,0
26,7,6,0,0,1
38,5,3,0,0,0
5,6,5,0,0,0
35,5,2,0,0,0
14,5,6,0,0,0
37,7,2,0,0,0
14,6,7,0,0,0
38,7,1,0,0,0
18,6,6,0,0,0
35,5,3,0,0,0
11,7,7,0,0,0
39,4,1,0,0,0
7,2,2,0,0,1
36,2,2,0,0,0
4,5,6,0,0,0
37,4,2,0,0,0
21,8,6,0,0,0
35,5,2,0,0,0
4,5,5,0,0,0
24,5,5,0,0,0
18,5,5,0,0,0
6,7,3,0,0,1
18,6,6,0,0,0
23,4,5,0,0,0
12,4,5,0,0,0
27,4,4,0,0,1
24,5,3,0,0,1
35,6,2,0,0,0
33,5,2,0,0,1
35,5,2,0,0,0
24,5,2,1,0,0
37,5,2,0,0,0
23,5,3,0,0,1
37,3,2,0,0,0
35,5,2,0,0,1
39,3,1,0,0,0
35,5,1,0,0,0
13,6,2,0,0,1
35,6,1,0,0,0
38,9,3,0,0,0
18,9,3,1,0,0
31,9,3,0,0,0
35,6,2,0,0,0
37,6,2,0,0,0
38,7,5,0,0,1
25,6,4,0,0,0
38,6,4,0,0,0
37,6,4,0,0,0
5,6,4,0,0,0
36,3,2,0,0,0
23,5,2,1,0,0
18,7,4,0,0,1
13,4,1,0,0,1
35,4,2,0,0,1
13,3,2,1,0,0
35,3,2,0,0,0
36,6,5,0,0,1
7,5,7,0,0,1
19,6,8,0,0,0
18,5,2,0,0,0
12,5,3,1,0,0
18,4,1,0,0,0
25,5,2,0,0,1
33,4,2,0,0,1
12,4,2,1,1,0
35,4,2,0,0,0
25,5,1,1,0,0
18,3,2,0,0,0
5,6,3,1,0,0
4,6,6,0,0,1
5,5,2,1,1,0
4,6,7,1,0,0
15,6,7,0,0,0
35,4,3,0,0,0
25,4,1,1,1,0
