Hatsumi Ueda
Tomomi Kai
6,7,6,0,0,0
22,3,4,0,0,0
1,2,6,0,0,0
23,4,4,0,0,0
14,4,8,0,0,0
37,3,2,0,0,0
1,2,5,0,0,0
38,3,3,0,0,0
19,6,8,0,0,0
39,6,2,0,0,0
19,7,8,0,0,0
34,4,2,0,0,0
4,5,6,0,0,0
39,7,2,0,0,0
14,5,7,0,0,0
39,8,2,0,0,0
18,7,7,0,0,0
36,5,2,0,0,0
19,8,8,0,0,0
34,4,3,0,0,0
9,9,8,0,0,0
34,5,4,0,0,0
5,6,6,0,0,0
29,9,2,0,0,0
19,9,9,0,0,0
39,9,1,0,0,0
13,8,8,0,0,0
33,8,2,0,0,0
16,5,8,0,0,0
35,7,1,0,0,0
16,6,7,0,0,0
36,6,2,0,0,0
14,6,8,0,0,0
22,3,5,0,0,0
0,1,6,0,0,0
38,5,1,0,0,0
17,2,6,0,0,0
37,3,4,0,0,0
15,7,8,0,0,0
36,7,2,0,0,0
14,7,9,0,0,0
38,6,2,0,0,0
4,5,5,0,0,0
34,4,3,0,0,0
5,6,5,0,0,0
32,3,3,0,0,0
18,8,6,0,0,0
20,1,4,0,0,0
5,6,4,0,0,0
25,6,4,0,0,0
18,6,4,0,0,0
23,4,5,0,0,0
18,8,6,0,0,0
34,5,2,0,0,0
17,6,6,0,0,0
26,7,4,0,0,0
2,3,6,0,0,0
38,8,4,0,0,0
17,5,6,0,0,0
38,4,8,1,0,0
4,5,4,0,0,0
24,5,4,0,0,0
18,4,2,1,0,0
36,6,2,0,0,0
18,3,2,1,1,0
32,2,5,0,0,0
18,2,3,1,1,0
24,5,5,0,0,0
17,5,5,0,0,0
37,6,4,0,0,0
25,6,5,0,0,1
37,6,3,0,0,0
18,3,4,1,1,0
5,5,1,0,0,1
18,2,5,1,1,0
38,4,7,1,1,0
12,1,7,0,0,0
38,4,6,1,1,0
17,5,9,0,0,0
22,3,6,0,0,0
32,6,4,0,0,1
22,3,7,1,0,0
32,5,2,1,0,0
5,5,2,0,0,0
25,6,4,0,0,0
37,6,4,0,0,0
21,6,3,0,0,1
37,6,3,0,0,0
18,5,2,1,1,0
4,6,6,0,0,1
16,7,7,0,0,0
32,8,5,0,0,1
18,6,3,1,1,0
32,7,7,1,0,0
18,6,2,1,1,0
32,7,8,1,1,0
14,7,8,0,0,0
35,6,2,0,0,0
37,6,5,0,0,1
16,6,8,0,0,1
36,6,9,0,0,1
4,6,7,1,0,0
14,6,7,0,0,0
16,5,9,0,0,0
37,6,2,1,0,0
18,4,4,0,0,1
37,8,2,1,1,0
39,8,2,0,0,0
32,6,6,0,0,1
16,6,9,0,0,0
34,6,3,0,0,1
15,7,2,0,0,1
35,5,4,0,0,1
15,6,3,0,0,0
35,6,3,0,0,0
34,7,2,0,0,1
24,6,4,0,0,1
34,6,3,0,0,0
24,6,3,1,0,0
36,7,1,0,0,1
5,6,4,0,0,1
18,6,6,0,0,0
14,6,6,0,0,0
35,6,1,0,0,1
33,7,3,0,0,1
31,7,3,0,0,0
24,7,3,1,1,0
39,9,1,0,0,0
31,9,5,0,0,1
33,8,2,0,0,1
15,6,3,0,0,1
32,8,1,0,0,1
34,7,2,0,0,1
32,7,3,0,0,0
31,8,3,0,0,0
33,8,3,0,0,0
34,8,3,1,0,0
17,5,8,0,0,1
14,7,7,0,0,0
37,2,8,0,0,1
4,4,8,0,0,1
1,8,2,0,0,1
34,7,3,1,1,0
37,2,2,1,0,0
27,5,2,0,0,1
31,8,1,0,0,1
18,4,4,0,0,1
31,7,3,0,0,0
15,7,3,0,0,0
16,7,9,0,0,0
13,7,9,0,0,0
38,7,9,1,1,0
33,6,8,0,0,1
34,7,8,0,0,1
33,7,9,0,0,0
34,7,9,1,0,0
38,6,8,0,0,1
13,7,8,0,0,1
16,8,8,0,0,1
37,2,9,1,1,0
38,7,9,0,0,0
13,7,9,0,0,0
32,6,8,0,0,1
38,5,6,0,0,1
31,7,8,0,0,1
13,8,8,1,0,0
14,8,8,0,0,0
17,6,8,1,0,0
34,7,9,0,0,1
38,7,8,1,0,0
34,7,8,0,0,0
17,7,8,1,1,0
13,7,9,0,0,1
33,6,7,0,0,1
