Momoko Kato
Kana Satomi
1,2,6,0,0,0
22,3,4,0,0,0
14,4,8,0,0,0
28,9,4,0,0,0
8,9,6,0,0,0
24,5,4,0,0,0
19,6,8,0,0,0
37,5,2,0,0,0
1,2,5,0,0,0
39,6,2,0,0,0
1,2,4,0,0,0
21,2,4,0,0,0
17,2,4,0,0,0
36,3,2,0,0,0
17,2,8,0,0,0
1,2,3,0,0,1
3,4,6,0,0,0
24,5,5,0,0,0
14,4,7,0,0,0
39,7,2,0,0,0
2,3,6,0,0,0
34,4,2,0,0,0
16,5,8,0,0,0
34,5,3,0,0,0
6,7,6,0,0,0
34,5,4,0,0,0
5,6,6,0,0,0
39,8,2,0,0,0
13,7,8,0,0,0
33,7,2,0,0,0
19,7,9,0,0,0
37,5,1,0,0,0
18,7,7,0,0,0
25,6,4,0,0,0
16,6,7,0,0,0
26,7,4,0,0,0
12,3,7,0,0,0
38,3,3,0,0,0
0,1,6,0,0,0
31,7,3,0,0,0
6,7,5,0,0,0
34,6,3,0,0,0
6,7,4,0,0,0
34,7,4,0,0,0
2,3,5,0,0,0
22,3,5,0,0,0
17,2,5,0,0,0
22,3,6,0,0,0
14,3,6,0,0,0
25,6,5,0,0,0
17,3,5,0,0,0
24,5,6,0,0,0
4,5,6,0,0,0
25,6,6,0,0,0
16,7,6,0,0,0
37,5,6,0,0,0
21,7,5,0,0,1
34,8,5,0,0,0
17,3,3,1,0,0
36,3,3,0,0,0
16,8,5,0,0,0
31,8,5,0,0,0
21,7,4,0,0,0
17,3,8,0,0,1
26,6,8,0,0,1
17,3,7,1,0,0
34,7,6,0,0,1
31,7,7,1,0,0
38,6,4,0,0,1
39,7,1,0,0,0
13,7,7,0,0,0
37,5,7,1,0,0
19,8,8,0,0,0
12,8,4,0,0,1
15,7,8,0,0,0
12,7,6,0,0,0
13,7,6,0,0,0
34,6,9,0,0,1
15,7,9,0,0,0
18,6,5,0,0,1
31,7,7,0,0,1
18,7,6,0,0,0
15,6,9,0,0,0
25,6,7,1,0,0
26,6,7,0,0,0
37,6,7,1,1,0
38,5,3,1,0,0
13,6,2,0,0,1
38,8,6,1,1,0
37,6,9,1,1,0
38,7,6,1,1,0
16,7,8,0,0,1
19,9,7,0,0,0
37,8,9,1,1,0
18,5,5,0,0,1
37,9,9,1,1,0
12,9,8,0,0,1
37,8,8,1,1,0
19,8,6,0,0,0
9,8,4,0,0,1
34,8,5,0,0,1
16,7,7,0,0,0
38,7,7,1,1,0
17,7,7,1,1,0
18,7,7,0,0,0
38,9,7,0,0,1
19,7,6,0,0,0
11,6,4,0,0,1
