Akira Watanabe
Akira Inaba
1,2,6,0,0,0
22,3,4,0,0,0
6,7,6,0,0,0
38,8,8,1,0,0
13,8,8,0,0,0
34,4,2,0,0,0
14,4,8,0,0,0
34,3,3,0,0,0
19,6,8,0,0,0
37,4,2,0,0,0
3,4,6,0,0,0
35,7,2,0,0,0
14,4,7,0,0,0
33,6,2,0,0,0
19,7,8,0,0,0
25,6,4,0,0,0
16,5,8,0,0,0
33,6,3,0,0,0
14,5,6,0,0,0
26,7,4,0,0,0
1,2,5,0,0,0
39,6,2,0,0,0
5,6,6,0,0,0
31,7,3,0,0,0
11,7,7,0,0,0
22,3,5,0,0,0
8,9,6,0,0,0
28,9,4,0,0,0
7,8,6,0,0,0
27,8,4,0,0,0
16,6,8,0,0,0
33,5,4,0,0,0
19,8,9,0,0,0
39,5,1,0,0,0
15,7,9,0,0,0
36,3,2,0,0,0
3,4,5,0,0,0
23,4,4,0,0,0
5,6,5,0,0,0
23,4,5,0,0,0
5,6,4,0,0,0
23,4,6,0,0,0
1,2,4,0,0,0
21,2,4,0,0,0
6,7,5,0,0,0
18,4,1,0,0,1
25,2,2,0,0,1
36,2,2,0,0,0
38,3,1,0,0,1
26,7,5,0,0,0
38,4,2,1,0,0
39,4,2,0,0,0
37,8,1,0,0,1
29,9,2,0,0,0
37,6,1,1,0,0
38,8,3,0,0,1
7,8,5,0,0,0
18,5,2,0,0,0
37,8,1,1,1,0
31,8,5,0,0,0
11,8,5,0,0,0
27,8,5,0,0,0
17,4,8,0,0,0
11,7,6,0,0,1
17,4,6,0,0,0
3,4,5,0,0,1
14,4,5,0,0,0
33,4,5,0,0,0
17,4,5,0,0,0
1,4,4,0,0,1
33,3,1,0,0,1
39,3,2,0,0,0
17,3,5,0,0,0
14,7,1,0,0,1
37,7,2,1,1,0
38,7,2,0,0,0
35,4,2,0,0,1
39,2,3,0,0,0
35,5,2,0,0,0
20,1,4,0,0,0
18,4,1,0,0,1
25,3,2,0,0,1
35,4,2,0,0,0
38,5,4,0,0,0
23,4,3,0,0,1
11,8,8,1,0,0
15,8,8,0,0,0
13,3,4,0,0,1
33,2,2,1,0,0
34,2,2,0,0,0
18,3,2,1,0,0
39,1,3,0,0,0
3,2,3,0,0,1
