Tatsuya Sugai
Shintaro Saito
4,5,6,0,0,0
22,3,4,0,0,0
17,5,8,0,0,0
33,6,2,0,0,0
4,5,5,0,0,0
39,4,2,0,0,0
6,7,6,0,0,0
39,3,2,0,0,0
19,4,8,0,0,0
34,4,2,0,0,0
19,3,8,0,0,0
26,7,4,0,0,0
19,2,8,0,0,0
33,7,3,0,0,0
5,6,6,0,0,0
35,5,2,0,0,0
14,3,8,0,0,0
20,1,4,0,0,0
0,1,6,0,0,0
37,7,2,0,0,0
4,5,4,0,0,0
24,5,4,0,0,0
17,5,4,0,0,0
34,3,3,0,0,0
17,5,9,0,0,0
34,4,4,0,0,0
13,6,8,0,0,0
33,6,4,0,0,0
3,4,6,0,0,0
4,5,5,0,0,1
5,6,5,0,0,0
33,6,5,0,0,0
3,4,5,0,0,0
34,4,5,0,0,0
18,5,5,0,0,0
38,5,5,0,0,0
17,5,5,0,0,0
34,5,4,0,0,0
17,6,5,0,0,0
34,6,5,0,0,0
38,5,5,0,0,1
18,3,3,0,0,1
38,9,1,1,0,0
37,7,1,0,0,0
24,5,3,0,0,1
35,6,2,0,0,0
11,7,7,0,0,0
34,5,4,0,0,0
33,2,5,0,0,1
17,8,9,0,0,1
15,5,9,0,0,0
17,9,9,1,0,0
33,3,4,0,0,0
18,4,4,0,0,0
29,4,8,0,0,1
5,3,3,0,0,1
29,4,4,0,0,0
5,3,4,0,0,0
18,3,6,0,0,1
33,4,5,0,0,1
18,4,5,0,0,0
34,4,5,0,0,0
38,5,5,1,1,0
23,4,4,0,0,0
11,6,5,0,0,0
17,8,9,1,1,0
38,4,4,1,1,0
9,4,2,0,0,1
38,1,1,1,1,0
18,3,3,0,0,1
38,3,3,1,1,0
32,3,3,0,0,0
0,1,5,0,0,0
34,5,4,0,0,0
4,4,6,0,0,1
34,6,5,0,0,0
0,1,4,0,0,0
9,4,6,0,0,0
22,4,7,0,0,1
3,5,8,0,0,1
15,5,8,0,0,0
29,5,4,0,0,1
30,5,7,0,0,1
4,5,6,0,0,1
0,1,3,1,0,0
4,5,7,1,0,0
15,5,7,0,0,0
29,5,7,1,0,0
13,5,7,0,0,0
9,4,7,1,0,0
29,4,4,0,0,1
22,4,3,0,0,1
0,2,3,1,1,0
39,4,2,0,0,0
0,3,3,1,1,0
39,5,3,0,0,0
29,4,3,1,0,0
39,6,4,0,0,0
18,8,2,0,0,1
38,7,3,0,0,1
18,7,1,1,0,0
9,5,7,1,1,0
32,8,5,0,0,1
38,8,4,0,0,0
37,4,5,0,0,1
15,5,4,0,0,1
33,5,3,0,0,1
15,5,3,0,0,0
18,6,2,1,1,0
