Akihito Hirose
Takumi Ito
1,2,6,0,0,0
27,8,4,0,0,0
1,2,5,0,0,0
27,8,5,0,0,0
15,7,8,0,0,0
36,3,2,0,0,0
14,3,8,0,0,0
33,7,2,0,0,0
19,5,8,0,0,0
28,9,4,0,0,0
8,9,6,0,0,0
27,8,6,0,0,0
7,8,6,0,0,0
37,8,6,0,0,0
27,8,7,0,0,1
37,8,4,0,0,0
2,3,6,0,0,0
22,3,4,0,0,0
1,2,4,0,0,0
21,2,4,0,0,0
17,2,4,0,0,0
7,2,3,0,0,1
17,2,5,0,0,0
39,6,2,0,0,0
6,7,6,0,0,0
38,8,8,1,0,0
13,8,8,0,0,0
32,3,3,0,0,0
17,2,6,0,0,0
37,5,4,0,0,0
12,3,7,0,0,0
18,4,4,0,0,1
17,2,9,0,0,0
22,3,5,0,0,0
17,2,6,0,0,0
7,2,4,0,0,0
17,1,6,0,0,0
7,2,5,0,0,0
38,2,7,0,0,1
37,5,5,0,0,0
3,4,6,0,0,0
20,1,4,0,0,0
2,3,5,0,0,0
1,3,4,0,0,1
3,4,5,0,0,0
18,3,5,0,0,0
17,5,6,0,0,0
37,5,6,0,0,0
4,5,6,0,0,0
7,2,6,0,0,0
38,3,6,0,0,0
17,4,6,0,0,1
38,1,8,0,0,0
20,1,5,0,0,0
14,4,7,0,0,0
17,4,7,1,0,0
19,4,7,0,0,0
14,2,7,0,0,1
21,3,6,0,0,1
18,1,3,0,0,0
37,2,1,0,0,1
14,1,8,0,0,0
19,5,8,0,0,0
7,2,7,1,0,0
12,2,5,0,0,0
32,2,5,0,0,0
37,2,5,1,0,0
7,3,8,1,1,0
16,3,8,0,0,0
12,4,6,0,0,1
