Kazuhiro Nishikawa
Seiya Tomita
6,7,6,0,0,0
22,3,4,0,0,0
5,6,6,0,0,0
27,8,4,0,0,0
17,7,8,0,0,0
27,8,5,0,0,0
18,7,7,0,0,0
33,6,2,0,0,0
13,6,8,0,0,0
39,4,2,0,0,0
19,4,8,0,0,0
39,3,2,0,0,0
19,3,8,0,0,0
24,5,4,0,0,0
19,2,8,0,0,0
38,3,3,0,0,0
13,6,7,0,0,0
33,5,3,0,0,0
15,5,8,0,0,0
39,2,2,0,0,0
13,5,6,0,0,0
33,4,4,0,0,0
6,7,5,0,0,0
36,3,2,0,0,0
18,5,9,0,0,0
24,5,5,0,0,0
13,6,7,0,0,0
30,1,2,0,0,0
17,7,6,0,0,0
39,1,1,0,0,0
0,1,6,0,0,0
20,1,4,0,0,0
14,3,8,0,0,0
34,2,2,0,0,0
3,4,6,0,0,0
37,8,4,0,0,0
5,6,5,0,0,0
35,5,1,0,0,0
6,7,4,0,0,0
26,7,4,0,0,0
18,9,5,0,0,0
37,9,4,0,0,0
18,7,7,0,0,0
33,5,3,0,0,0
8,9,6,0,0,0
33,4,2,0,0,0
18,6,6,0,0,0
24,5,6,0,0,0
18,3,3,1,0,0
34,3,3,0,0,0
17,5,6,0,0,0
18,8,8,0,0,1
38,7,7,0,0,1
18,7,7,1,0,0
11,7,7,0,0,0
38,8,8,0,0,1
24,7,8,0,0,1
38,9,9,1,0,0
18,8,2,0,0,1
26,7,5,0,0,0
18,9,1,1,0,0
9,5,2,0,0,1
17,6,6,0,0,0
38,7,7,1,1,0
24,7,7,0,0,0
11,7,4,0,0,1
17,5,6,0,0,0
9,5,6,0,0,0
18,5,5,1,1,0
37,9,6,0,0,0
29,2,6,0,0,1
17,6,9,0,0,1
13,5,6,0,0,0
37,9,9,1,0,0
15,4,8,0,0,0
21,2,4,0,0,0
13,4,7,0,0,0
11,6,6,0,0,0
38,8,4,0,0,1
35,4,1,0,0,0
38,7,5,0,0,0
6,5,8,0,0,1
29,2,4,0,0,0
8,2,3,0,0,1
29,2,3,1,0,0
36,2,3,0,0,0
9,2,6,0,0,1
29,2,2,0,0,1
38,4,2,1,0,0
35,4,2,0,0,0
33,3,1,0,0,1
35,3,2,0,0,0
9,2,3,1,0,0
35,2,3,0,0,0
36,3,2,0,0,1
9,2,4,0,0,1
18,5,4,1,1,0
38,6,1,0,0,1
18,5,3,1,1,0
30,1,3,0,0,0
33,4,2,0,0,0
34,4,4,0,0,0
18,6,3,1,1,0
35,3,3,0,0,0
33,3,3,0,0,0
34,3,3,0,0,0
35,3,1,0,0,1
33,1,2,0,0,1
35,2,1,0,0,0
33,2,1,0,0,0
36,3,3,0,0,0
6,5,9,1,0,0
32,2,3,0,0,1
29,2,3,0,0,0
36,2,3,0,0,0
35,1,2,0,0,1
36,1,2,0,0,0
39,1,2,0,0,0
18,4,1,1,1,0
36,2,3,0,0,1
34,3,2,0,0,1
33,3,2,0,0,0
18,3,2,1,1,0
34,2,1,0,0,1
35,1,1,0,0,1
39,1,1,0,0,0
18,2,3,1,1,0
35,2,2,0,0,1
36,3,3,0,0,1
35,2,3,0,0,0
36,2,3,0,0,0
9,2,7,1,0,0
14,2,7,0,0,0
1,2,2,0,0,1
29,2,6,0,0,1
1,2,3,0,0,0
29,2,3,1,0,0
36,2,2,0,0,1
9,2,6,0,0,1
36,2,3,0,0,0
9,2,3,1,0,0
29,2,2,0,0,1
35,3,2,0,0,1
