Shogo Orita
Kohei Hasebe
1,2,6,0,0,0
27,8,4,0,0,0
1,2,5,0,0,0
27,8,5,0,0,0
15,7,8,0,0,0
36,3,2,0,0,0
14,3,8,0,0,0
33,7,2,0,0,0
8,9,6,0,0,0
28,9,4,0,0,0
2,3,6,0,0,0
27,8,6,0,0,0
7,8,6,0,0,0
37,8,6,0,0,0
19,5,8,0,0,0
39,6,2,0,0,0
1,2,4,0,0,0
21,2,4,0,0,0
17,2,4,0,0,0
7,2,3,0,0,1
17,2,6,0,0,0
22,3,4,0,0,0
27,8,7,0,0,1
37,8,4,0,0,0
6,7,6,0,0,0
37,7,4,0,0,0
18,2,2,1,0,0
34,2,2,0,0,0
13,8,8,0,0,0
37,7,6,0,0,0
13,7,7,0,0,0
37,7,4,0,0,0
12,3,7,0,0,0
34,3,3,0,0,0
38,5,6,0,0,1
37,5,4,0,0,0
13,6,6,0,0,0
34,2,4,0,0,0
11,7,7,0,0,0
22,3,5,0,0,0
21,7,4,0,0,1
26,7,4,0,0,0
38,4,5,0,0,0
34,1,5,0,0,0
17,2,5,0,0,0
34,2,4,0,0,0
17,2,7,0,0,0
37,4,4,0,0,0
13,5,5,0,0,0
32,3,3,0,0,0
13,4,4,0,0,0
23,4,4,0,0,0
38,3,4,0,0,0
22,3,6,0,0,0
11,6,5,0,0,0
18,5,4,0,0,1
37,5,5,0,0,1
13,6,4,0,0,1
37,5,4,0,0,0
24,5,4,0,0,0
17,2,4,0,0,0
7,2,4,0,0,0
18,8,4,0,0,1
31,7,3,0,0,0
34,5,3,0,0,1
13,5,3,0,0,0
11,7,3,1,0,0
33,7,3,0,0,0
18,7,3,1,0,0
39,7,3,0,0,0
38,6,1,1,0,0
37,8,9,0,0,1
35,8,3,0,0,1
39,6,4,0,0,0
31,7,6,0,0,1
39,7,5,0,0,0
33,6,6,0,0,1
