Shintaro Saito
Seiya Kondo
1,2,6,0,0,0
22,3,4,0,0,0
6,7,6,0,0,0
36,3,2,0,0,0
1,2,5,0,0,0
27,8,4,0,0,0
15,7,8,0,0,0
38,8,8,1,0,0
13,8,8,0,0,0
34,2,2,0,0,0
14,4,8,0,0,0
34,3,3,0,0,0
2,3,6,0,0,0
33,6,2,0,0,0
14,3,7,0,0,0
25,6,4,0,0,0
19,6,8,0,0,0
33,6,3,0,0,0
14,4,6,0,0,0
23,4,4,0,0,0
2,3,5,0,0,0
37,4,2,0,0,0
2,3,4,0,0,0
34,3,4,0,0,0
1,2,4,0,0,0
21,2,4,0,0,0
17,2,4,0,0,0
36,2,3,0,0,0
17,2,8,0,0,0
2,2,4,0,0,1
19,7,9,0,0,0
26,7,4,0,0,0
22,3,5,0,0,1
34,4,3,0,0,0
13,7,7,0,0,0
35,7,2,0,0,0
5,6,6,0,0,0
39,6,2,0,0,0
8,9,6,0,0,0
31,7,3,0,0,0
38,5,6,0,0,1
36,3,3,0,0,0
16,5,8,0,0,0
28,9,4,0,0,0
7,8,6,0,0,0
23,4,5,0,0,0
14,4,5,0,0,0
18,5,5,0,0,1
17,1,8,0,0,0
25,6,5,0,0,0
5,6,5,0,0,0
34,5,4,0,0,0
14,5,4,0,0,0
33,5,4,0,0,0
34,6,6,0,0,1
18,4,4,0,0,0
3,4,6,0,0,0
27,8,5,0,0,0
21,2,2,0,0,1
37,2,2,0,0,0
22,3,4,0,0,0
36,4,3,0,0,0
6,7,5,0,0,0
1,6,4,0,0,1
3,4,5,0,0,0
18,2,6,0,0,0
5,6,4,0,0,0
21,6,5,0,0,1
17,2,8,0,0,0
18,3,5,0,0,0
17,3,8,0,0,0
18,4,6,0,0,0
6,7,4,0,0,0
21,6,6,0,0,0
3,4,4,0,0,0
36,4,2,0,0,0
6,7,3,1,0,0
35,7,3,0,0,0
23,7,4,0,0,1
35,6,4,0,0,0
22,3,3,1,0,0
36,3,3,0,0,0
31,4,5,0,0,1
36,3,2,0,0,0
3,4,3,1,0,0
33,4,3,0,0,0
23,7,3,1,0,0
39,7,3,0,0,0
31,5,3,1,0,0
33,4,4,0,0,0
17,3,2,1,0,0
37,3,2,0,0,0
36,8,3,0,0,1
