Amahiko Sato
Takuya Nishida
1,2,6,0,0,0
22,3,4,0,0,0
6,7,6,0,0,0
28,9,4,0,0,0
1,2,5,0,0,0
28,9,5,0,0,0
14,4,8,0,0,0
38,8,8,1,0,0
13,8,8,0,0,0
34,2,2,0,0,0
19,6,8,0,0,0
34,3,3,0,0,0
19,7,8,0,0,0
37,4,2,0,0,0
3,4,6,0,0,0
35,7,2,0,0,0
14,4,7,0,0,0
33,6,2,0,0,0
13,7,7,0,0,0
25,6,4,0,0,0
6,7,5,0,0,0
33,6,3,0,0,0
16,5,8,0,0,0
39,6,2,0,0,0
14,5,6,0,0,0
23,4,4,0,0,0
2,3,6,0,0,0
36,5,2,0,0,0
5,6,6,0,0,0
33,5,4,0,0,0
12,3,7,0,0,0
39,7,1,0,0,0
19,8,8,0,0,0
39,8,2,0,0,0
15,7,8,0,0,0
37,2,2,0,0,0
9,9,8,0,0,0
34,4,2,0,0,0
19,9,9,0,0,0
34,4,3,0,0,0
15,8,8,0,0,0
20,1,4,0,0,0
0,1,6,0,0,0
36,6,2,0,0,0
14,6,7,0,0,0
25,6,5,0,0,0
5,6,5,0,0,0
33,6,5,0,0,0
1,2,4,0,0,0
21,2,4,0,0,0
3,4,5,0,0,0
18,5,5,0,0,1
17,2,7,0,0,0
21,2,5,0,0,0
4,5,6,0,0,0
21,2,6,0,0,0
4,5,5,0,0,0
21,2,7,1,0,0
3,4,4,0,0,0
34,5,2,0,0,0
12,4,5,0,0,0
5,6,6,0,0,1
14,7,8,0,0,0
17,2,8,0,0,1
3,4,3,1,0,0
34,4,3,0,0,0
25,6,3,0,0,1
36,6,3,0,0,0
38,8,5,0,0,1
34,4,4,0,0,0
18,4,7,0,0,1
36,6,4,0,0,0
23,2,9,0,0,1
21,3,7,1,1,0
18,6,5,0,0,0
17,5,8,1,0,0
18,8,3,1,0,0
35,8,3,0,0,0
38,5,8,0,0,0
18,5,6,0,0,1
17,6,1,0,0,1
34,5,5,0,0,0
12,5,3,1,0,0
16,6,7,0,0,1
17,3,1,1,0,0
37,1,2,0,0,0
27,5,7,0,0,1
16,5,7,0,0,0
12,6,2,1,1,0
16,5,8,0,0,0
33,7,2,0,0,1
38,9,2,0,0,1
17,2,1,1,1,0
37,6,2,0,0,0
17,7,1,1,1,0
39,9,3,0,0,0
17,6,2,1,1,0
5,6,7,1,0,0
14,6,7,0,0,0
18,6,7,1,0,0
32,7,6,0,0,1
12,8,4,0,0,1
33,8,3,1,0,0
38,8,3,0,0,0
35,8,2,0,0,1
14,9,4,0,0,1
35,8,3,0,0,0
14,8,3,0,0,0
38,7,1,0,0,1
39,9,4,0,0,0
38,8,2,1,0,0
35,9,2,0,0,1
38,9,2,1,1,0
29,9,2,0,0,0
8,9,6,0,0,0
18,7,6,1,1,0
8,9,5,0,0,0
39,8,5,0,0,0
35,8,6,0,0,1
