Shinichiro Hattori
Akira Watanabe
6,7,6,0,0,0
27,8,4,0,0,0
13,6,8,0,0,0
22,3,4,0,0,0
13,7,7,0,0,0
33,6,2,0,0,0
1,2,6,0,0,0
34,4,2,0,0,0
1,2,5,0,0,0
34,3,3,0,0,0
14,4,8,0,0,0
36,3,2,0,0,0
16,5,8,0,0,0
39,4,1,0,0,0
2,3,6,0,0,0
35,5,2,0,0,0
4,5,6,0,0,0
26,7,4,0,0,0
18,7,9,0,0,0
24,5,4,0,0,0
5,6,6,0,0,0
38,3,1,0,0,0
16,6,7,0,0,0
23,4,4,0,0,0
19,6,8,0,0,0
38,6,4,0,0,0
12,3,7,0,0,0
39,3,1,0,0,0
19,7,8,0,0,0
27,8,5,0,0,0
3,4,6,0,0,0
33,5,3,0,0,0
14,4,7,0,0,0
20,1,4,0,0,0
8,9,6,0,0,0
28,9,4,0,0,0
17,2,9,0,0,0
33,4,2,0,0,0
5,6,5,0,0,0
38,7,3,0,0,0
15,5,8,0,0,0
25,6,4,0,0,0
16,6,6,0,0,0
35,6,3,0,0,0
5,6,4,0,0,0
35,6,4,0,0,0
17,6,9,0,0,0
39,2,2,0,0,0
18,5,7,0,0,0
33,5,3,0,0,0
0,1,6,0,0,0
35,6,3,0,0,0
6,7,5,0,0,0
26,7,5,0,0,0
16,7,5,0,0,0
5,6,4,0,0,1
25,7,4,0,0,1
38,5,1,0,0,0
3,4,5,0,0,0
6,7,3,0,0,1
26,6,5,0,0,1
5,6,5,0,0,0
18,4,6,0,0,0
38,4,2,0,0,0
25,7,3,1,0,0
35,7,3,0,0,0
3,4,4,0,0,0
33,4,4,0,0,0
16,6,5,0,0,0
26,4,5,0,0,1
18,5,7,0,0,0
27,8,6,0,0,0
7,8,6,0,0,0
24,5,5,0,0,0
1,2,4,0,0,0
21,2,4,0,0,0
6,2,3,0,0,1
36,2,3,0,0,0
23,4,3,0,0,1
38,3,1,0,0,0
16,5,4,0,0,0
25,6,5,0,0,1
17,6,5,0,0,0
3,6,3,0,0,1
5,2,5,0,0,1
35,6,4,0,0,0
16,6,4,0,0,0
38,6,4,0,0,0
5,2,4,0,0,0
36,2,4,0,0,0
18,2,4,0,0,0
34,2,4,0,0,0
17,6,4,0,0,0
3,6,4,0,0,0
38,7,1,0,0,1
1,7,6,0,0,1
13,7,6,0,0,0
6,7,7,0,0,1
11,7,7,0,0,0
26,4,6,0,0,0
38,4,4,1,0,0
16,3,3,0,0,1
27,2,3,0,0,1
39,2,3,0,0,0
25,2,5,0,0,1
26,4,7,1,0,0
25,2,4,0,0,0
16,2,4,0,0,0
35,2,2,0,0,1
37,2,2,0,0,0
38,2,2,1,1,0
39,2,2,0,0,0
37,5,2,0,0,1
35,3,2,0,0,1
33,3,1,0,0,1
39,1,3,0,0,0
34,2,2,0,0,1
39,2,3,0,0,0
36,3,3,0,0,1
