Takayuki Yamasaki
Masayuki Toyoshima
15,7,8,0,0,0
27,8,4,0,0,0
6,7,6,0,0,0
36,3,2,0,0,0
13,6,8,0,0,0
22,3,4,0,0,0
5,6,6,0,0,0
27,8,5,0,0,0
13,6,7,0,0,0
34,4,2,0,0,0
14,4,8,0,0,0
33,6,2,0,0,0
1,2,6,0,0,0
39,4,1,0,0,0
3,4,6,0,0,0
26,7,4,0,0,0
14,4,7,0,0,0
24,5,4,0,0,0
16,5,8,0,0,0
34,3,3,0,0,0
4,5,6,0,0,0
38,3,1,0,0,0
19,6,9,0,0,0
26,7,5,0,0,0
5,6,5,0,0,0
26,7,6,0,0,0
2,3,6,0,0,0
27,8,6,0,0,0
7,8,6,0,0,0
38,8,6,0,0,0
27,8,7,0,0,1
26,7,7,1,0,0
11,7,7,0,0,0
38,4,2,0,0,0
26,7,6,0,0,1
23,4,4,0,0,0
12,3,7,0,0,0
35,5,2,0,0,0
0,1,6,0,0,0
20,1,4,0,0,0
17,2,9,0,0,0
35,4,3,0,0,0
19,5,9,0,0,0
39,3,1,0,0,0
19,4,8,0,0,0
6,7,5,0,0,1
26,7,5,0,0,0
38,7,5,0,0,0
16,5,7,0,0,0
33,7,3,0,0,0
13,7,6,0,0,0
38,5,7,1,0,0
19,5,7,0,0,0
7,7,5,0,0,1
13,8,5,0,0,0
26,8,4,0,0,1
6,7,4,0,0,1
33,6,2,0,0,0
13,9,6,0,0,0
7,7,6,0,0,0
12,2,5,0,0,0
34,4,2,0,0,0
0,1,5,0,0,0
20,1,5,0,0,0
3,4,5,0,0,0
7,7,7,1,0,0
15,7,7,0,0,0
11,5,3,0,0,1
3,4,4,0,0,0
11,6,5,0,0,0
19,4,6,0,0,0
0,4,5,0,0,1
19,3,7,0,0,0
35,5,3,0,0,0
15,7,6,0,0,0
11,5,7,1,0,0
3,4,3,1,0,0
34,4,3,0,0,0
18,1,1,1,0,0
21,2,4,0,0,0
30,3,3,0,0,1
21,2,5,0,0,0
30,3,2,1,0,0
39,3,2,0,0,0
38,2,4,0,0,1
11,4,7,1,1,0
19,4,7,0,0,0
12,3,3,0,0,1
19,5,8,0,0,0
14,2,2,0,0,1
10,1,5,0,0,0
14,1,1,0,0,0
10,1,1,1,0,0
30,4,6,0,0,1
17,1,9,0,0,0
5,1,8,0,0,1
17,1,8,0,0,0
18,4,9,0,0,1
19,6,9,0,0,0
3,1,6,0,0,1
10,2,1,1,1,0
39,4,2,0,0,0
15,6,6,0,0,0
18,2,7,1,0,0
17,7,8,0,0,0
18,3,6,1,1,0
19,7,9,0,0,0
2,7,6,0,0,1
17,7,6,0,0,0
18,5,8,1,1,0
7,6,7,0,0,1
16,6,8,0,0,1
19,8,8,0,0,0
16,6,7,0,0,0
14,3,1,0,0,1
39,5,2,0,0,0
11,7,3,0,0,1
25,6,4,0,0,0
38,3,3,1,0,0
16,6,6,0,0,0
14,4,2,1,0,0
39,6,3,0,0,0
32,7,5,0,0,1
39,7,4,0,0,0
38,6,6,1,1,0
18,7,6,1,1,0
38,7,6,1,1,0
17,1,8,0,0,1
23,7,8,0,0,1
