Koichi Fukaura
Makoto Sasaki
1,2,6,0,0,0
22,3,4,0,0,0
6,7,6,0,0,0
23,4,4,0,0,0
14,4,8,0,0,0
37,3,2,0,0,0
1,2,5,0,0,0
38,3,3,0,0,0
19,6,8,0,0,0
39,6,2,0,0,0
19,7,8,0,0,0
34,4,2,0,0,0
4,5,6,0,0,0
39,7,2,0,0,0
18,7,7,0,0,0
34,4,3,0,0,0
14,5,7,0,0,0
39,8,2,0,0,0
19,8,8,0,0,0
36,5,2,0,0,0
9,9,8,0,0,0
34,5,4,0,0,0
14,6,6,0,0,0
22,3,5,0,0,0
19,9,9,0,0,0
38,5,1,0,0,0
13,8,8,0,0,0
33,7,2,0,0,0
4,5,5,0,0,0
34,4,5,0,0,0
15,7,9,0,0,0
28,9,4,0,0,0
8,9,6,0,0,0
25,6,4,0,0,0
18,6,8,0,0,0
22,3,6,0,0,0
2,3,6,0,0,0
37,3,6,0,0,0
1,2,4,0,0,0
21,2,4,0,0,0
18,2,4,0,0,0
2,2,7,0,0,1
17,2,7,0,0,0
1,2,6,0,0,1
18,5,1,1,0,0
1,2,7,1,0,0
18,6,1,1,1,0
33,6,1,0,0,0
38,2,5,0,0,1
37,3,2,0,0,0
35,4,3,0,0,1
17,2,3,0,0,1
35,3,2,0,0,0
17,2,5,0,0,0
37,3,1,0,0,1
18,7,2,0,0,1
8,9,5,0,0,0
1,3,8,1,1,0
37,2,1,1,0,0
17,2,1,0,0,0
35,2,1,0,0,0
1,4,9,1,1,0
8,9,4,0,0,0
37,2,8,0,0,1
35,1,1,0,0,0
39,7,1,0,0,0
32,7,5,0,0,1
38,3,5,0,0,1
14,7,7,0,0,0
1,5,9,1,1,0
30,9,3,0,0,1
38,7,9,1,0,0
13,7,9,0,0,0
1,6,9,1,1,0
17,8,8,0,0,1
37,2,9,1,0,0
13,7,8,0,0,0
1,7,9,1,1,0
30,9,1,1,0,0
12,8,5,0,0,1
30,8,1,1,1,0
39,6,2,0,0,0
22,3,9,0,0,1
12,7,7,1,0,0
13,7,7,0,0,0
14,7,8,0,0,1
31,6,3,0,0,1
36,6,3,0,0,0
32,6,3,1,0,0
18,6,3,0,0,0
17,7,8,0,0,0
1,7,8,1,1,0
14,4,2,0,0,1
1,8,9,1,1,0
19,8,9,0,0,0
37,3,9,1,1,0
29,7,9,0,0,1
31,9,7,0,0,1
9,9,7,0,0,0
17,9,9,0,0,1
19,9,9,0,0,0
37,7,9,1,1,0
36,8,9,0,0,1
22,9,8,0,0,1
19,9,8,0,0,0
32,8,6,0,0,1
7,8,6,0,0,0
16,8,7,0,0,1
19,8,7,0,0,0
37,8,9,1,1,0
13,8,8,0,0,0
11,9,5,0,0,1
9,9,5,0,0,0
15,9,7,0,0,1
