Takuya Nagase
Sota Fujii
1,2,6,0,0,0
22,3,4,0,0,0
6,7,6,0,0,0
23,4,4,0,0,0
1,2,5,0,0,0
38,3,3,0,0,0
14,4,8,0,0,0
34,3,2,0,0,0
2,3,6,0,0,0
27,8,4,0,0,0
18,7,7,0,0,0
35,5,2,0,0,0
13,8,8,0,0,0
34,4,3,0,0,0
14,3,7,0,0,0
24,5,4,0,0,0
19,6,8,0,0,0
36,3,2,0,0,0
14,4,6,0,0,0
26,7,4,0,0,0
2,3,5,0,0,0
23,4,5,0,0,0
14,4,5,0,0,0
22,3,5,0,0,0
18,3,3,1,0,0
32,3,3,0,0,0
14,5,6,0,0,0
27,8,5,0,0,0
19,7,8,0,0,0
18,6,4,0,0,1
38,4,6,0,0,1
33,6,2,0,0,0
1,2,4,0,0,0
21,2,4,0,0,0
17,2,4,0,0,0
2,2,3,0,0,1
17,2,6,0,0,0
31,7,3,0,0,0
16,5,8,0,0,0
18,5,3,0,0,0
11,7,7,0,0,0
25,6,4,0,0,0
5,6,6,0,0,0
27,8,6,0,0,0
7,8,6,0,0,0
37,8,6,0,0,0
23,8,7,0,0,1
37,8,1,0,0,0
16,6,8,0,0,0
35,6,3,0,0,0
14,6,7,0,0,0
39,5,2,0,0,0
4,5,6,0,0,0
18,4,4,0,0,0
38,5,7,0,0,0
34,3,4,0,0,0
3,4,6,0,0,0
37,2,1,0,0,0
21,3,6,0,0,1
34,2,5,0,0,0
17,2,8,0,0,0
22,3,6,0,0,0
15,5,8,0,0,0
2,2,4,0,0,0
15,4,7,0,0,0
34,3,4,0,0,0
27,3,7,0,0,1
2,2,5,0,0,0
27,3,6,0,0,0
2,2,6,0,0,0
15,3,7,0,0,0
18,5,3,0,0,0
0,1,6,0,0,0
1,4,5,0,0,1
0,1,5,0,0,0
1,4,6,0,0,0
38,4,6,0,0,0
32,4,5,0,0,0
15,3,8,0,0,0
7,3,5,0,0,1
0,1,4,0,0,0
7,3,6,0,0,0
22,4,4,0,0,1
18,4,4,0,0,0
1,2,2,0,0,1
37,4,1,0,0,0
0,1,3,1,0,0
34,3,5,0,0,0
15,4,7,0,0,0
7,3,7,1,0,0
12,3,7,0,0,0
34,4,6,0,0,0
15,4,6,0,0,0
32,3,7,1,0,0
17,2,9,0,0,0
18,5,3,0,0,0
20,4,5,0,0,1
26,7,5,0,0,0
0,2,3,1,1,0
36,2,3,0,0,0
34,3,2,0,0,1
37,7,1,0,0,0
34,2,3,0,0,0
26,7,6,0,0,0
34,3,4,1,0,0
26,7,7,1,0,0
13,7,7,0,0,0
21,4,2,0,0,1
36,8,2,0,0,1
12,8,5,0,0,1
23,8,6,0,0,0
12,7,7,1,0,0
16,7,7,0,0,0
31,8,5,0,0,0
23,8,5,0,0,0
37,7,7,1,0,0
19,7,7,0,0,0
3,7,6,0,0,1
14,7,6,0,0,0
27,7,5,0,0,1
