Takuya Nagase
Takayuki Yamasaki
1,2,6,0,0,0
27,8,4,0,0,0
1,2,5,0,0,0
27,8,5,0,0,0
6,7,6,0,0,0
36,3,2,0,0,0
18,7,7,0,0,0
22,3,4,0,0,0
13,8,8,0,0,0
38,7,7,1,0,0
13,7,7,0,0,0
34,2,2,0,0,0
0,1,6,0,0,0
28,9,4,0,0,0
8,9,6,0,0,0
34,3,3,0,0,0
0,1,5,0,0,0
33,7,2,0,0,0
15,7,8,0,0,0
26,7,4,0,0,0
14,4,8,0,0,0
31,7,3,0,0,0
16,5,8,0,0,0
25,6,4,0,0,0
3,4,6,0,0,0
25,6,5,0,0,0
2,3,6,0,0,0
23,4,4,0,0,0
14,4,7,0,0,0
33,6,3,0,0,0
12,3,7,0,0,0
35,6,2,0,0,0
17,2,9,0,0,0
24,5,4,0,0,0
19,4,8,0,0,0
39,4,1,0,0,0
4,5,6,0,0,0
33,6,4,0,0,0
13,6,8,0,0,0
37,8,1,0,0,0
13,5,7,0,0,0
39,5,2,0,0,0
11,7,7,0,0,0
34,4,2,0,0,0
1,2,4,0,0,0
21,2,4,0,0,0
17,2,4,0,0,0
1,2,3,0,0,1
17,2,9,0,0,0
34,4,3,0,0,0
17,6,9,0,0,0
18,8,4,0,0,1
8,9,5,0,0,0
28,9,5,0,0,0
5,6,6,0,0,0
25,6,6,0,0,0
7,8,6,0,0,0
27,8,6,0,0,0
21,8,5,0,0,1
25,6,7,1,0,0
15,6,7,0,0,0
8,6,6,0,0,1
21,8,4,0,0,0
8,6,7,1,0,0
17,6,7,0,0,0
5,6,6,0,0,1
13,6,6,0,0,0
27,8,7,1,0,0
11,8,5,0,0,0
37,8,4,0,0,0
25,6,3,0,0,1
35,6,3,0,0,0
8,6,5,0,0,1
33,5,3,0,0,0
17,8,7,0,0,0
7,8,6,0,0,1
11,7,3,1,0,0
35,7,3,0,0,0
17,8,9,0,0,0
7,8,7,1,0,0
3,4,5,0,0,0
23,4,5,0,0,0
12,4,5,0,0,0
33,4,4,0,0,0
5,4,6,0,0,1
11,2,5,0,0,1
8,6,4,0,0,0
21,6,5,0,0,1
27,8,5,0,0,1
37,8,1,0,0,0
13,6,5,0,0,0
7,7,8,1,1,0
17,8,7,0,0,0
25,6,2,0,0,1
23,2,6,0,0,1
15,3,7,0,0,1
19,5,7,0,0,0
32,3,3,0,0,0
23,2,5,0,0,0
33,4,5,0,0,0
5,4,5,0,0,0
32,4,5,0,0,0
19,4,6,0,0,0
12,5,3,0,0,1
21,4,4,0,0,1
34,4,4,0,0,0
38,2,6,0,0,1
22,3,5,0,0,0
13,5,4,0,0,0
35,6,4,0,0,0
33,5,5,0,0,1
34,5,5,0,0,0
4,5,5,0,0,0
33,4,4,0,0,1
34,6,6,0,0,1
3,5,6,0,0,1
18,7,3,0,0,1
35,5,4,0,0,0
4,5,4,0,0,0
13,5,7,0,0,1
34,5,7,0,0,0
3,5,7,1,0,0
4,5,3,1,0,0
33,5,3,0,0,0
31,6,5,0,0,1
34,6,4,0,0,1
35,5,5,0,0,1
3,4,7,1,1,0
16,4,7,0,0,0
15,4,7,0,0,0
17,4,7,0,0,0
14,5,7,0,0,1
17,5,7,0,0,0
32,5,7,1,0,0
31,5,3,1,0,0
34,5,3,0,0,0
11,4,4,0,0,1
34,4,4,0,0,0
18,6,2,1,0,0
39,4,1,0,0,0
13,5,2,0,0,1
39,3,1,0,0,0
14,4,2,0,0,1
39,2,1,0,0,0
18,4,4,1,1,0
17,4,7,0,0,1
19,3,5,0,0,0
5,3,4,0,0,1
19,3,4,0,0,0
21,3,3,0,0,1
14,3,3,0,0,0
36,3,3,0,0,0
18,3,3,1,1,0
31,4,2,0,0,1
19,3,5,0,0,0
8,3,4,0,0,1
18,3,4,1,1,0
14,4,6,0,0,1
19,4,4,0,0,0
14,5,5,0,0,0
19,5,3,0,0,0
16,5,4,0,0,1
19,6,3,0,0,0
11,5,1,0,0,1
19,7,2,0,0,0
35,8,2,0,0,1
19,6,2,0,0,0
31,3,4,0,0,0
33,3,2,0,0,1
