Takuya Nagase
Masayuki Toyoshima
1,2,6,0,0,0
27,8,4,0,0,0
1,2,5,0,0,0
27,8,5,0,0,0
15,7,8,0,0,0
36,3,2,0,0,0
14,3,8,0,0,0
33,7,2,0,0,0
8,9,6,0,0,0
28,9,4,0,0,0
19,6,8,0,0,0
20,1,4,0,0,0
2,3,6,0,0,0
27,8,6,0,0,0
7,8,6,0,0,0
37,8,6,0,0,0
12,3,7,0,0,0
26,7,4,0,0,0
1,2,4,0,0,0
21,2,4,0,0,0
17,2,4,0,0,0
7,2,3,0,0,1
17,7,4,0,0,0
33,7,3,0,0,0
27,8,7,0,0,1
37,8,2,0,0,0
17,7,5,0,0,0
22,3,4,0,0,0
17,2,5,0,0,0
34,4,2,0,0,0
3,4,6,0,0,0
23,4,4,0,0,0
16,4,8,0,0,0
34,4,3,0,0,0
14,4,7,0,0,0
33,6,4,0,0,0
6,7,6,0,0,0
35,5,2,0,0,0
19,5,8,0,0,0
32,3,3,0,0,0
17,2,9,0,0,0
37,7,2,0,0,0
15,7,7,0,0,0
24,5,4,0,0,0
19,6,8,0,0,0
24,5,5,0,0,0
15,6,6,0,0,0
35,5,3,0,0,0
4,5,6,0,0,0
24,5,6,0,0,0
14,5,6,0,0,0
38,1,3,0,0,0
16,4,7,0,0,0
1,5,5,0,0,1
15,5,5,0,0,0
37,7,6,0,0,0
12,2,5,0,0,0
32,2,5,0,0,0
17,2,5,0,0,0
37,7,2,0,0,0
21,7,6,0,0,1
12,8,4,0,0,1
18,6,6,0,0,0
12,7,6,0,0,0
19,5,8,0,0,0
4,7,8,0,0,1
26,7,3,0,0,1
37,5,2,0,0,0
15,6,4,0,0,0
25,6,4,0,0,0
13,7,8,0,0,0
22,3,5,0,0,0
24,5,4,0,0,1
34,5,4,0,0,0
1,5,5,0,0,1
34,6,5,0,0,0
14,6,5,0,0,0
25,6,5,0,0,0
18,7,5,0,0,0
14,6,4,0,0,1
18,8,6,0,0,0
6,8,5,0,0,1
18,9,7,0,0,0
21,7,5,0,0,1
32,5,6,0,0,1
24,5,7,0,0,1
19,5,7,0,0,0
14,5,5,0,0,0
4,5,4,0,0,1
35,5,4,0,0,0
33,6,3,0,0,1
14,5,6,0,0,0
16,5,6,0,0,0
1,5,5,0,0,1
33,5,2,1,0,0
39,5,2,0,0,0
37,8,2,0,0,1
32,6,2,0,0,1
24,5,3,0,0,1
39,5,3,0,0,0
16,5,5,0,0,0
35,5,5,0,0,0
18,7,5,0,0,0
39,4,3,0,0,0
37,6,2,1,0,0
4,5,6,0,0,1
19,4,8,0,0,0
15,3,7,0,0,1
19,3,7,0,0,0
22,3,6,0,0,0
19,3,6,0,0,0
35,4,6,0,0,0
19,2,7,0,0,0
33,3,6,0,0,1
19,1,8,0,0,0
33,2,5,0,0,0
18,5,3,1,0,0
