Kohei Funae
Kensuke Kitahama
1,2,6,0,0,0
22,3,4,0,0,0
6,7,6,0,0,0
28,9,4,0,0,0
8,9,6,0,0,0
38,8,8,1,0,0
13,8,8,0,0,0
34,4,2,0,0,0
1,2,5,0,0,0
34,3,3,0,0,0
19,6,8,0,0,0
37,2,2,0,0,0
19,7,8,0,0,0
39,6,2,0,0,0
14,4,8,0,0,0
36,5,2,0,0,0
14,5,9,0,0,0
39,7,2,0,0,0
14,6,8,0,0,0
21,2,4,0,0,0
1,2,4,0,0,0
34,2,4,0,0,0
38,5,6,0,0,1
1,2,6,0,0,1
17,2,6,0,0,0
34,2,5,0,0,0
17,2,8,0,0,0
34,2,6,0,0,0
38,3,4,0,0,0
37,2,4,0,0,0
16,3,8,0,0,0
18,2,7,0,0,1
38,1,6,0,0,0
18,3,8,1,0,0
17,3,8,0,0,0
34,1,5,0,0,0
21,2,5,0,0,1
37,4,4,0,0,0
38,2,7,0,0,0
34,2,6,0,0,0
38,3,6,0,0,0
34,3,5,0,0,0
38,1,8,0,0,0
37,4,7,1,0,0
18,5,6,0,0,1
37,4,6,1,1,0
18,2,3,1,0,0
37,4,9,1,1,0
18,5,6,1,1,0
16,4,7,0,0,1
17,2,8,0,0,0
37,3,9,1,1,0
18,4,7,1,1,0
37,2,8,1,1,0
38,4,5,0,0,0
34,4,4,0,0,0
38,2,3,1,0,0
37,1,9,1,1,0
1,4,5,0,0,1
34,3,3,0,0,0
38,3,2,1,1,0
17,4,9,0,0,1
18,5,6,1,1,0
10,5,4,0,0,1
18,6,6,1,1,0
17,2,9,1,0,0
16,7,9,0,0,1
17,2,8,1,1,0
38,2,1,1,1,0
12,4,6,0,0,1
38,1,1,1,1,0
34,4,2,0,0,0
4,5,6,0,0,0
12,5,8,1,0,0
15,5,8,0,0,0
17,5,8,1,1,0
19,7,7,0,0,0
33,8,2,0,0,0
4,5,5,0,0,0
26,7,4,0,0,0
4,5,4,0,0,0
31,7,3,0,0,0
7,8,6,0,0,0
15,6,5,0,0,1
19,8,7,0,0,0
3,3,3,0,0,1
18,7,7,1,1,0
27,8,4,0,0,0
5,6,6,0,0,0
15,6,4,0,0,0
38,1,2,1,1,0
17,4,7,1,1,0
1,4,4,0,0,0
27,8,5,0,0,0
19,9,8,0,0,0
33,8,3,0,0,0
30,5,7,0,0,1
28,9,5,0,0,0
7,8,5,0,0,0
31,8,5,0,0,0
18,8,6,1,1,0
33,8,4,0,0,0
38,5,6,1,1,0
17,5,6,1,1,0
30,5,6,0,0,0
28,9,6,0,0,0
22,9,3,0,0,1
28,9,7,1,0,0
11,9,7,0,0,0
31,9,7,1,0,0
13,9,7,0,0,0
7,8,5,0,0,1
18,6,4,1,1,0
25,6,4,0,0,0
32,9,6,0,0,1
38,9,5,0,0,1
32,8,4,0,0,0
38,8,4,0,0,0
12,7,5,0,0,1
26,7,5,0,0,0
17,7,4,0,0,1
38,7,3,0,0,0
33,8,4,0,0,1
