Makoto Tobe
Kei Honda
4,5,6,0,0,0
27,8,4,0,0,0
6,7,6,0,0,0
22,3,4,0,0,0
4,5,5,0,0,0
39,4,2,0,0,0
17,5,8,0,0,0
33,6,2,0,0,0
19,4,8,0,0,0
39,3,2,0,0,0
18,7,7,0,0,0
20,1,4,0,0,0
19,3,8,0,0,0
20,1,5,0,0,0
13,6,8,0,0,0
34,4,2,0,0,0
19,2,8,0,0,0
34,3,3,0,0,0
13,5,7,0,0,0
26,7,4,0,0,0
10,1,8,0,0,0
33,7,3,0,0,0
19,1,9,0,0,0
33,6,4,0,0,0
14,2,8,0,0,0
35,5,2,0,0,0
13,4,6,0,0,0
36,4,2,0,0,0
16,3,9,0,0,0
26,7,5,0,0,0
6,7,5,0,0,0
37,7,2,0,0,0
2,3,6,0,0,0
37,7,5,0,0,0
2,3,5,0,0,0
22,3,5,0,0,0
17,3,8,0,0,0
34,3,4,0,0,0
18,6,6,0,0,0
37,8,5,0,0,0
13,3,5,0,0,0
6,3,7,0,0,1
17,3,7,0,0,0
34,4,5,0,0,0
15,7,8,0,0,0
33,5,5,0,0,0
11,7,7,0,0,0
2,3,6,0,0,1
17,3,8,0,0,0
33,6,6,0,0,0
11,8,5,0,0,0
33,5,7,1,0,0
3,4,6,0,0,0
33,4,7,1,1,0
3,4,5,0,0,0
33,3,8,1,1,0
16,3,8,0,0,0
17,5,8,0,0,1
26,3,9,0,0,1
17,7,8,1,0,0
3,4,4,0,0,0
38,4,4,0,0,0
13,4,4,0,0,0
23,4,4,0,0,0
34,6,1,0,0,1
35,4,3,0,0,0
33,5,1,0,0,1
15,4,1,0,0,1
33,4,2,1,0,0
35,4,2,0,0,0
22,4,3,0,0,1
39,4,3,0,0,0
37,7,2,0,0,1
4,7,3,0,0,1
36,5,2,0,0,1
18,6,4,0,0,1
6,4,6,0,0,1
18,4,6,0,0,0
36,4,1,0,0,0
35,4,1,0,0,0
15,4,7,0,0,1
18,6,4,0,0,0
37,2,2,1,0,0
13,3,2,0,0,1
38,5,2,0,0,1
39,5,4,0,0,0
5,6,6,0,0,0
36,5,5,0,0,1
37,1,1,1,1,0
35,5,2,0,0,0
30,5,7,0,0,1
39,4,3,0,0,0
30,5,5,0,0,0
18,5,5,0,0,0
37,1,5,1,1,0
18,6,6,0,0,0
34,5,2,0,0,0
39,5,2,0,0,0
20,5,4,0,0,1
33,4,5,0,0,1
36,5,6,0,0,1
18,9,9,1,0,0
36,4,5,0,0,0
23,4,5,0,0,0
37,4,5,1,1,0
36,4,4,0,0,1
20,5,3,1,0,0
39,5,3,0,0,0
23,5,4,0,0,1
36,5,4,0,0,0
33,4,2,0,0,1
39,6,4,0,0,0
15,5,6,0,0,0
34,6,5,0,0,1
15,6,5,0,0,0
36,6,5,0,0,0
35,5,6,0,0,1
3,5,5,0,0,1
35,6,5,0,0,0
39,6,5,0,0,0
24,7,9,0,0,1
17,7,9,1,1,0
36,6,7,0,0,1
38,8,9,0,0,1
34,5,6,0,0,1
39,7,5,0,0,0
11,7,3,1,0,0
31,7,3,0,0,0
4,7,7,0,0,1
18,7,7,1,1,0
36,7,7,0,0,0
17,7,7,1,1,0
37,5,5,1,1,0
39,7,6,0,0,0
18,5,4,0,0,1
30,6,5,0,0,1
37,6,5,1,1,0
31,6,5,0,0,0
18,6,5,0,0,0
39,6,6,0,0,0
3,6,7,0,0,1
39,5,7,0,0,0
31,6,9,0,0,1
39,6,8,0,0,0
31,7,7,0,0,0
39,7,9,0,0,0
18,3,2,1,0,0
38,7,8,1,0,0
18,2,3,1,1,0
37,5,9,0,0,1
3,6,6,0,0,0
15,6,8,0,0,1
17,5,3,0,0,1
11,7,5,0,0,1
18,2,4,1,1,0
39,8,9,0,0,0
13,6,7,0,0,1
15,6,7,0,0,0
34,6,7,0,0,0
11,6,7,0,0,0
15,6,8,0,0,1
38,8,8,1,1,0
18,3,4,1,1,0
22,5,6,0,0,1
17,5,6,1,0,0
37,5,6,1,0,0
18,5,6,1,1,0
13,7,8,0,0,1
37,4,9,0,0,1
35,7,9,0,0,1
