Sota Fujii
Kohei Funae
1,2,6,0,0,0
22,3,4,0,0,0
6,7,6,0,0,0
27,8,4,0,0,0
1,2,5,0,0,0
27,8,5,0,0,0
15,7,8,0,0,0
36,3,2,0,0,0
1,2,4,0,0,0
21,2,4,0,0,0
17,2,4,0,0,0
27,8,6,0,0,0
7,8,6,0,0,0
37,8,6,0,0,0
17,3,4,0,0,0
39,4,2,0,0,0
19,5,8,0,0,0
26,7,4,0,0,0
17,3,6,0,0,0
33,7,2,0,0,0
21,8,7,0,0,1
37,8,5,0,0,0
17,2,6,0,0,0
1,2,5,0,0,1
17,2,8,0,0,0
31,7,3,0,0,0
2,3,6,0,0,0
39,5,2,0,0,0
14,3,8,0,0,0
7,8,6,0,0,1
21,8,6,0,0,0
37,8,6,0,0,0
17,2,5,0,0,0
37,7,6,0,0,0
5,6,6,0,0,0
32,3,3,0,0,0
17,5,5,0,0,0
21,2,7,0,0,1
14,3,7,0,0,0
37,8,6,0,0,0
27,8,7,0,0,1
37,8,5,0,0,0
17,8,5,0,0,0
31,8,5,0,0,0
37,8,2,0,0,1
32,4,5,0,0,0
22,7,3,0,0,1
38,5,5,0,0,0
37,8,5,1,0,0
32,3,7,0,0,0
22,7,2,1,0,0
32,4,9,1,0,0
22,6,1,1,1,0
17,3,8,0,0,1
19,6,7,0,0,0
14,5,8,0,0,1
19,7,7,0,0,0
16,7,5,0,0,1
22,5,1,1,1,0
39,4,2,0,0,0
22,4,1,1,1,0
39,3,3,0,0,0
31,4,5,0,0,1
39,2,2,0,0,0
35,7,6,0,0,1
16,8,5,0,0,0
35,8,5,0,0,0
6,8,4,0,0,1
35,8,6,0,0,0
17,3,6,1,0,0
33,4,6,0,0,1
38,4,4,0,0,0
22,3,1,1,1,0
39,3,1,0,0,0
7,3,3,0,0,1
36,4,2,0,0,0
1,2,4,0,0,1
17,4,7,1,1,0
1,2,3,1,0,0
39,4,1,0,0,0
7,3,2,1,0,0
36,3,2,0,0,0
1,3,2,1,1,0
39,3,2,0,0,0
34,3,5,0,0,1
38,2,2,0,0,0
15,6,8,0,0,0
14,5,9,0,0,0
31,5,3,1,0,0
37,5,6,0,0,1
16,4,2,0,0,1
39,2,3,0,0,0
24,2,4,0,0,1
39,1,4,0,0,0
0,1,6,0,0,0
