Takayuki Yamasaki
Shintaro Saito
1,2,6,0,0,0
27,8,4,0,0,0
1,2,5,0,0,0
27,8,5,0,0,0
15,7,8,0,0,0
36,3,2,0,0,0
14,3,8,0,0,0
33,7,2,0,0,0
8,9,6,0,0,0
39,5,2,0,0,0
3,4,6,0,0,0
28,9,4,0,0,0
14,4,7,0,0,0
26,7,4,0,0,0
1,2,4,0,0,0
21,2,4,0,0,0
17,2,4,0,0,0
1,2,3,0,0,1
17,2,8,0,0,0
26,7,5,0,0,0
4,5,6,0,0,0
22,3,4,0,0,0
13,6,8,0,0,0
27,8,6,0,0,0
7,8,6,0,0,0
37,8,6,0,0,0
21,8,7,0,0,1
37,8,4,0,0,0
13,5,7,0,0,0
33,7,3,0,0,0
13,6,6,0,0,0
33,6,4,0,0,0
16,5,8,0,0,0
31,7,3,0,0,0
19,6,9,0,0,0
28,9,5,0,0,0
8,9,5,0,0,0
7,9,7,0,0,1
9,9,7,0,0,0
38,6,6,0,0,0
5,6,6,0,0,0
13,9,8,0,0,1
5,6,5,0,0,0
31,6,5,0,0,0
27,6,6,0,0,1
13,8,9,0,0,0
15,7,9,0,0,0
13,9,8,1,0,0
27,6,5,0,0,0
33,6,5,0,0,0
28,6,4,0,0,1
25,6,4,0,0,0
7,2,4,0,0,1
1,2,4,0,0,0
17,2,4,0,0,0
5,2,3,0,0,1
17,3,4,0,0,0
27,9,6,0,0,1
9,9,6,0,0,0
37,8,7,1,0,0
1,8,9,0,0,1
37,8,4,1,1,0
6,7,6,0,0,0
28,3,3,0,0,1
17,3,5,0,0,0
26,7,6,0,0,0
18,5,5,0,0,0
26,7,7,1,0,0
18,7,7,0,0,0
7,7,8,0,0,1
15,8,8,0,0,0
7,7,9,1,0,0
19,5,9,0,0,0
13,8,8,1,1,0
18,8,8,0,0,0
7,7,8,1,1,0
18,9,7,0,0,0
11,6,6,0,0,1
1,8,8,0,0,0
28,3,4,0,0,0
17,3,4,0,0,0
36,3,3,0,0,0
17,3,5,0,0,0
15,3,4,0,0,1
17,5,5,0,0,0
36,4,4,0,0,0
17,1,5,0,0,0
20,1,4,0,0,0
17,1,6,0,0,0
15,2,5,0,0,0
3,4,5,0,0,0
36,4,5,0,0,0
31,7,5,0,0,1
33,7,4,0,0,0
38,3,4,0,0,1
36,3,5,0,0,0
