Satoshi Takano
Tadashi Oishi
1,2,6,0,0,0
22,3,4,0,0,0
6,7,6,0,0,0
28,9,4,0,0,0
1,2,5,0,0,0
28,9,5,0,0,0
19,6,8,0,0,0
38,8,8,1,0,0
13,8,8,0,0,0
34,2,2,0,0,0
14,4,8,0,0,0
34,3,3,0,0,0
19,7,8,0,0,0
37,4,2,0,0,0
3,4,6,0,0,0
35,7,2,0,0,0
2,3,6,0,0,0
33,6,2,0,0,0
12,3,7,0,0,0
23,4,4,0,0,0
14,4,7,0,0,0
26,7,4,0,0,0
16,5,8,0,0,0
20,1,4,0,0,0
14,5,6,0,0,0
39,6,1,0,0,0
38,6,6,0,0,1
24,5,4,0,0,0
3,4,5,0,0,0
18,7,3,0,0,1
17,2,7,0,0,0
23,4,5,0,0,0
1,2,4,0,0,0
21,2,4,0,0,0
12,4,5,0,0,0
24,5,5,0,0,0
12,3,3,1,0,0
32,3,3,0,0,0
14,6,5,0,0,0
32,2,5,0,0,0
14,7,4,0,0,0
18,8,2,0,0,0
23,4,8,0,0,1
36,5,1,0,0,0
0,1,6,0,0,0
37,4,4,0,0,0
14,6,5,0,0,0
39,7,1,0,0,0
17,4,7,0,0,0
3,4,6,0,0,1
17,2,7,0,0,0
12,5,3,0,0,1
11,7,7,0,0,0
22,3,5,0,0,0
14,5,6,0,0,0
37,5,4,0,0,0
14,5,5,0,0,0
37,5,5,0,0,0
4,5,6,0,0,0
37,4,5,0,0,0
4,5,5,0,0,0
3,4,7,1,0,0
17,4,7,0,0,0
14,4,6,0,0,1
4,5,4,0,0,0
14,4,7,1,0,0
23,4,7,0,0,0
12,6,5,0,0,0
4,5,3,1,0,0
12,7,7,1,0,0
38,7,7,0,0,0
33,5,3,0,0,0
38,3,3,1,0,0
33,6,2,0,0,0
26,5,2,0,0,1
36,6,1,0,0,0
12,5,3,0,0,1
33,5,3,0,0,0
26,5,1,1,0,0
36,6,2,0,0,0
38,3,4,1,1,0
37,5,5,0,0,0
26,5,2,1,1,0
11,8,5,0,0,1
34,6,6,0,0,1
1,7,7,0,0,1
13,7,7,0,0,0
11,7,7,1,0,0
34,7,7,0,0,0
31,7,3,0,0,0
11,7,4,0,0,1
12,6,5,0,0,1
14,6,6,0,0,1
31,8,5,0,0,0
26,6,2,1,1,0
33,6,2,0,0,0
14,6,5,0,0,0
13,8,9,0,0,1
19,6,8,0,0,0
31,7,7,1,0,0
19,7,7,0,0,0
17,7,8,0,0,1
15,7,8,0,0,0
13,7,8,1,0,0
19,7,8,0,0,0
37,5,8,1,0,0
