Yasuaki Murayama
Takeshi Fujii
1,2,6,0,0,0
22,3,4,0,0,0
6,7,6,0,0,0
37,4,2,0,0,0
19,6,8,0,0,0
38,8,8,1,0,0
13,8,8,0,0,0
39,6,2,0,0,0
14,4,8,0,0,0
39,7,2,0,0,0
19,7,8,0,0,0
34,2,2,0,0,0
8,9,6,0,0,0
28,9,4,0,0,0
7,8,6,0,0,0
39,8,2,0,0,0
13,8,7,0,0,0
33,7,2,0,0,0
19,8,8,0,0,0
22,3,5,0,0,0
15,7,8,0,0,0
37,3,2,0,0,0
11,7,7,0,0,0
37,3,4,0,0,0
3,4,6,0,0,0
36,3,2,0,0,0
14,4,7,0,0,0
34,3,3,0,0,0
16,5,8,0,0,0
34,4,4,0,0,0
1,2,5,0,0,0
34,5,5,0,0,0
17,2,6,0,0,0
32,3,3,0,0,0
4,5,6,0,0,0
34,6,4,0,0,0
5,6,6,0,0,0
26,7,4,0,0,0
16,6,7,0,0,0
27,8,4,0,0,0
5,6,5,0,0,0
34,7,3,0,0,0
38,6,6,0,0,1
39,7,1,0,0,0
0,1,6,0,0,0
36,4,2,0,0,0
3,4,5,0,0,0
36,5,2,0,0,0
4,5,5,0,0,0
30,1,2,0,0,0
4,5,4,0,0,0
24,5,4,0,0,0
3,4,4,0,0,0
23,4,4,0,0,0
14,5,6,0,0,0
23,4,5,0,0,0
7,8,5,0,0,0
27,8,5,0,0,0
11,8,5,0,0,0
34,8,2,0,0,0
27,8,4,0,0,1
18,6,2,0,0,1
6,7,5,0,0,0
4,8,3,0,0,1
27,8,3,1,0,0
33,8,3,0,0,0
6,7,4,0,0,0
33,7,4,0,0,0
4,7,5,0,0,1
33,8,3,0,0,0
1,2,4,0,0,0
21,2,4,0,0,0
26,2,3,0,0,1
3,8,4,0,0,1
26,2,2,1,0,0
3,8,5,0,0,0
26,2,3,1,1,0
22,3,6,0,0,0
26,2,4,1,1,0
18,2,6,0,0,0
26,3,4,1,1,0
3,8,6,0,0,0
13,8,6,0,0,0
7,8,7,0,0,1
19,7,7,0,0,0
27,7,6,0,0,1
16,7,6,0,0,0
17,5,9,0,0,1
21,5,8,0,0,1
11,8,4,0,0,1
38,3,3,1,0,0
7,8,8,1,0,0
15,8,8,0,0,0
17,2,9,1,0,0
26,4,3,1,1,0
36,6,2,0,0,0
32,5,3,0,0,1
11,7,6,0,0,0
32,6,1,1,0,0
36,6,1,0,0,0
37,3,1,0,0,1
11,8,8,1,0,0
19,8,8,0,0,0
16,7,6,0,0,1
35,7,7,0,0,1
12,6,6,0,0,1
35,7,6,0,0,0
17,7,9,1,1,0
19,9,7,0,0,0
17,7,6,1,1,0
37,6,1,1,0,0
39,6,1,0,0,0
38,5,1,1,1,0
39,7,2,0,0,0
16,6,2,0,0,1
39,7,3,0,0,0
16,6,3,0,0,0
39,6,3,0,0,0
36,5,3,0,0,1
18,5,3,0,0,0
26,5,3,1,1,0
39,5,3,0,0,0
18,4,2,0,0,1
39,6,3,0,0,0
18,6,4,1,0,0
39,7,2,0,0,0
18,5,4,1,1,0
15,6,3,0,0,1
