Sota Fujii
Akihito Hirose
1,2,6,0,0,0
27,8,4,0,0,0
1,2,5,0,0,0
27,8,5,0,0,0
6,7,6,0,0,0
36,3,2,0,0,0
18,7,7,0,0,0
22,3,4,0,0,0
13,8,8,0,0,0
38,7,7,1,0,0
13,7,7,0,0,0
34,2,2,0,0,0
0,1,6,0,0,0
20,1,4,0,0,0
14,3,8,0,0,0
34,3,3,0,0,0
2,3,6,0,0,0
33,6,2,0,0,0
15,7,8,0,0,0
25,6,4,0,0,0
19,6,8,0,0,0
33,6,3,0,0,0
8,9,6,0,0,0
28,9,4,0,0,0
12,3,7,0,0,0
39,4,2,0,0,0
3,4,6,0,0,0
26,7,4,0,0,0
14,4,7,0,0,0
31,7,3,0,0,0
16,4,8,0,0,0
35,6,2,0,0,0
14,5,6,0,0,0
37,8,1,0,0,0
5,6,6,0,0,0
33,5,4,0,0,0
17,2,9,0,0,0
35,7,2,0,0,0
12,4,5,0,0,0
34,4,4,0,0,0
1,2,4,0,0,0
21,2,4,0,0,0
17,2,4,0,0,0
18,1,3,0,0,1
17,2,9,0,0,0
1,2,8,0,0,1
17,4,9,0,0,0
18,4,6,0,0,0
16,4,7,0,0,0
18,1,3,0,0,0
0,1,5,0,0,0
27,8,6,0,0,0
7,8,6,0,0,0
34,4,5,0,0,0
0,1,4,0,0,0
18,2,4,0,0,0
21,2,5,0,0,1
34,5,6,0,0,0
16,5,6,0,0,0
18,3,3,0,0,0
0,1,3,1,0,0
30,1,3,0,0,0
10,1,3,1,0,0
32,1,3,0,0,0
34,2,4,0,0,1
32,2,5,0,0,0
34,3,3,1,0,0
36,3,3,0,0,0
30,5,5,0,0,1
14,3,8,0,0,1
17,4,6,0,0,0
34,3,7,0,0,1
30,5,4,0,0,0
34,4,6,1,0,0
38,2,6,0,0,1
12,4,1,0,0,1
16,4,6,0,0,0
14,2,7,1,0,0
38,1,5,0,0,0
3,1,4,0,0,1
33,3,1,0,0,1
39,5,2,0,0,0
38,3,3,1,0,0
12,3,3,0,0,0
18,4,2,0,0,1
24,5,4,0,0,0
34,5,3,0,0,1
39,6,1,0,0,0
18,5,1,1,0,0
39,7,1,0,0,0
36,6,2,0,0,1
39,8,2,0,0,0
36,7,2,0,0,0
39,7,2,0,0,0
35,6,3,0,0,1
39,8,2,0,0,0
18,7,3,1,1,0
39,9,2,0,0,0
35,7,2,0,0,0
10,6,7,0,0,1
19,6,7,0,0,0
38,4,9,0,0,1
10,5,8,0,0,1
17,5,9,0,0,1
15,6,8,0,0,0
36,6,9,0,0,1
19,7,8,0,0,0
38,5,8,1,0,0
15,5,8,0,0,0
17,5,8,1,0,0
19,8,7,0,0,0
36,7,9,0,0,0
38,8,3,0,0,1
