Hirotaka Kajiura
Kensuke Kitahama
1,2,6,0,0,0
22,3,4,0,0,0
6,7,6,0,0,0
28,9,4,0,0,0
8,9,6,0,0,0
24,5,4,0,0,0
1,2,5,0,0,0
37,5,2,0,0,0
14,4,8,0,0,0
24,5,5,0,0,0
19,6,8,0,0,0
38,3,3,0,0,0
2,3,6,0,0,0
34,4,2,0,0,0
14,3,7,0,0,0
39,6,2,0,0,0
14,4,6,0,0,0
39,7,2,0,0,0
19,7,8,0,0,0
24,5,6,0,0,0
18,3,3,1,0,0
34,3,3,0,0,0
4,5,6,0,0,0
37,5,6,0,0,0
38,6,5,0,0,1
37,5,3,0,0,0
12,3,7,0,0,0
34,4,4,0,0,0
1,2,4,0,0,0
25,6,4,0,0,0
24,5,4,0,0,1
37,5,1,0,0,0
38,5,6,0,0,0
21,2,4,0,0,0
17,2,4,0,0,0
36,3,2,0,0,0
17,2,9,0,0,0
39,8,2,0,0,0
38,3,4,0,0,0
32,3,3,0,0,0
16,4,8,0,0,0
33,7,2,0,0,0
13,6,8,0,0,0
18,6,3,0,0,1
21,2,2,0,0,1
4,2,6,0,0,1
17,2,6,0,0,0
18,5,4,0,0,0
22,5,2,0,0,1
35,5,2,0,0,0
17,2,9,0,0,0
1,2,7,0,0,1
38,1,6,0,0,0
1,2,8,1,0,0
17,2,8,0,0,0
24,2,5,0,0,1
17,2,9,0,0,0
18,7,6,0,0,0
17,5,9,0,0,0
36,4,2,0,0,0
38,2,7,0,0,0
22,5,3,0,0,1
2,3,5,0,0,0
24,2,6,0,0,0
38,1,8,0,0,0
18,5,4,0,0,0
38,5,4,0,0,0
22,5,4,0,0,0
2,3,4,0,0,0
24,2,7,1,0,0
2,3,3,1,0,0
34,3,3,0,0,0
12,4,5,0,0,0
38,1,5,0,0,1
4,5,3,0,0,1
35,6,3,0,0,0
16,4,9,0,0,0
34,4,4,0,0,0
0,1,6,0,0,0
38,5,9,1,0,0
16,5,9,0,0,0
34,4,5,0,0,0
14,4,5,0,0,0
17,7,5,0,0,1
1,7,6,0,0,1
17,4,5,0,0,0
18,2,4,0,0,1
6,3,3,0,0,1
34,5,2,0,0,1
36,5,2,0,0,0
4,5,2,1,0,0
37,5,2,0,0,0
3,4,6,0,0,0
17,2,5,0,0,0
18,3,3,1,0,0
24,3,7,1,1,0
18,4,3,1,1,0
37,2,2,0,0,0
18,2,5,1,1,0
37,2,5,0,0,0
17,4,1,0,0,1
14,6,2,0,0,1
36,5,2,0,0,1
34,7,1,0,0,1
32,7,5,0,0,1
18,2,2,0,0,1
6,3,3,0,0,1
18,3,3,0,0,0
32,6,3,1,0,0
33,6,3,0,0,0
36,6,2,0,0,0
34,6,2,0,0,0
14,4,4,0,0,1
18,4,4,0,0,0
17,4,4,1,0,0
12,8,4,0,0,1
17,4,2,1,1,0
14,5,1,0,0,1
35,6,1,0,0,1
14,4,2,0,0,0
35,6,2,0,0,0
32,7,1,0,0,1
38,6,1,0,0,1
12,7,6,0,0,0
34,7,7,0,0,1
12,6,8,1,0,0
16,6,8,0,0,0
37,2,1,0,0,0
18,7,2,0,0,1
13,7,4,0,0,1
12,8,6,0,0,1
14,5,3,0,0,0
12,7,4,0,0,0
33,7,4,0,0,0
18,8,1,1,0,0
39,8,1,0,0,0
38,7,2,1,0,0
39,9,2,0,0,0
13,8,2,0,0,1
32,6,3,0,0,0
35,7,1,0,0,0
