Yasumitsu Sato
Yasuaki Yokoyama
1,2,6,0,0,0
22,3,4,0,0,0
1,2,5,0,0,0
38,3,3,0,0,0
6,7,6,0,0,0
34,2,2,0,0,0
5,6,6,0,0,0
33,6,2,0,0,0
14,4,8,0,0,0
36,3,2,0,0,0
13,6,8,0,0,0
39,4,1,0,0,0
15,7,8,0,0,0
35,5,2,0,0,0
3,4,6,0,0,0
25,6,4,0,0,0
14,4,7,0,0,0
33,6,3,0,0,0
13,6,7,0,0,0
27,8,4,0,0,0
14,5,6,0,0,0
33,5,4,0,0,0
6,7,5,0,0,0
39,3,1,0,0,0
16,5,8,0,0,0
27,8,5,0,0,0
18,7,7,0,0,0
26,7,4,0,0,0
6,7,4,0,0,0
37,8,4,0,0,0
13,7,6,0,0,0
37,7,4,0,0,0
26,7,5,0,0,1
37,8,4,0,0,0
16,6,7,0,0,0
28,9,4,0,0,0
8,9,6,0,0,0
38,4,2,0,0,0
19,6,8,0,0,0
34,3,3,0,0,0
19,7,9,0,0,0
33,6,3,0,0,0
0,1,6,0,0,0
24,5,4,0,0,0
3,4,5,0,0,0
20,1,4,0,0,0
2,3,6,0,0,0
31,7,3,0,0,0
18,5,9,0,0,0
38,5,3,0,0,0
18,3,7,0,0,0
39,2,2,0,0,0
18,4,6,0,0,0
24,5,5,0,0,0
18,5,5,0,0,0
33,5,4,0,0,0
18,3,7,0,0,0
35,6,3,0,0,0
11,7,7,0,0,0
6,5,5,0,0,1
14,5,5,0,0,0
33,4,5,0,0,0
0,1,5,0,0,0
20,1,5,0,0,0
24,1,4,0,0,1
28,9,5,0,0,0
8,9,5,0,0,0
3,9,7,0,0,1
9,9,7,0,0,0
0,5,4,0,0,1
14,4,6,0,0,0
33,3,6,0,0,0
6,3,5,0,0,1
30,1,4,0,0,0
28,1,6,0,0,1
20,1,6,0,0,0
3,1,5,0,0,1
33,3,7,0,0,0
12,3,7,0,0,0
30,1,5,0,0,0
12,4,5,0,0,0
20,1,7,1,0,0
17,4,8,0,0,0
38,4,4,0,0,0
12,3,3,1,0,0
38,3,3,0,0,0
6,3,4,0,0,0
38,4,4,0,0,0
33,3,5,0,0,1
38,6,2,0,0,0
1,2,4,0,0,0
21,2,4,0,0,0
22,4,4,0,0,1
23,4,4,0,0,0
34,5,2,0,0,1
12,7,1,0,0,1
34,6,3,1,0,0
12,6,3,0,0,0
33,2,4,0,0,0
2,2,3,0,0,1
6,3,3,1,0,0
36,3,3,0,0,0
33,3,3,1,0,0
39,3,3,0,0,0
21,3,4,0,0,1
39,2,4,0,0,0
35,2,6,0,0,1
39,1,3,0,0,0
35,1,5,0,0,0
18,5,9,0,0,1
36,3,3,0,0,1
34,1,4,0,0,1
10,1,7,0,0,0
34,1,5,0,0,0
10,1,5,0,0,0
39,2,4,0,0,0
30,2,9,0,0,1
33,2,5,0,0,1
34,3,6,0,0,1
32,3,3,0,0,0
14,3,5,0,0,0
39,1,5,0,0,0
34,2,5,0,0,0
32,2,5,0,0,0
33,2,6,0,0,1
