Satoshi Takano
Hiroki Taniai
1,2,6,0,0,0
22,3,4,0,0,0
6,7,6,0,0,0
23,4,4,0,0,0
14,4,8,0,0,0
28,9,4,0,0,0
8,9,6,0,0,0
37,4,2,0,0,0
4,5,6,0,0,0
34,3,2,0,0,0
19,6,8,0,0,0
39,6,2,0,0,0
19,7,8,0,0,0
34,4,3,0,0,0
1,2,5,0,0,0
38,3,3,0,0,0
16,5,8,0,0,0
36,5,2,0,0,0
14,5,7,0,0,0
33,7,2,0,0,0
2,3,6,0,0,0
39,7,1,0,0,0
14,4,6,0,0,0
39,8,2,0,0,0
2,3,5,0,0,0
37,3,2,0,0,0
15,6,8,0,0,0
24,5,4,0,0,0
2,3,4,0,0,0
34,3,4,0,0,0
17,3,8,0,0,0
23,4,5,0,0,0
18,3,3,1,0,0
37,3,3,0,0,0
14,3,7,0,0,0
34,4,3,0,0,0
38,6,6,0,0,1
18,6,4,0,0,1
11,7,7,0,0,0
2,3,6,0,0,1
14,2,8,0,0,0
24,5,5,0,0,0
1,2,4,0,0,0
34,5,4,0,0,0
22,3,4,0,0,1
37,3,4,0,0,0
1,2,3,1,0,0
22,2,2,0,0,1
1,2,2,1,1,0
24,5,6,0,0,0
38,7,5,0,0,0
18,7,5,0,0,0
6,7,5,0,0,0
38,5,5,0,0,1
1,2,1,1,1,0
4,2,7,0,0,1
14,2,7,0,0,0
38,1,9,1,0,0
18,1,6,0,0,1
37,3,3,0,0,0
32,6,6,0,0,1
34,4,3,0,0,0
1,1,1,1,1,0
10,7,6,0,0,1
21,3,4,0,0,1
34,3,4,0,0,0
6,7,4,0,0,0
38,2,9,1,1,0
19,8,8,0,0,0
24,5,7,1,0,0
16,5,7,0,0,0
10,7,7,1,0,0
15,7,7,0,0,0
12,6,5,0,0,1
17,7,8,0,0,0
12,5,7,1,0,0
30,7,5,0,0,1
26,7,4,0,0,0
32,7,4,0,0,0
39,7,3,0,0,0
22,3,5,0,0,1
34,4,3,0,0,0
10,7,6,0,0,1
11,6,5,0,0,1
4,5,3,0,0,1
36,4,2,0,0,0
14,3,6,0,0,0
37,2,3,0,0,0
24,2,4,0,0,1
37,2,4,0,0,0
18,4,3,1,0,0
36,4,3,0,0,0
26,2,5,0,0,1
37,6,4,0,0,0
34,8,2,0,0,1
39,8,4,0,0,0
34,9,1,0,0,0
11,7,7,1,0,0
17,7,7,0,0,0
37,6,7,1,0,0
