Tatsuya Sugai
Sota Fujii
6,7,6,0,0,0
27,8,4,0,0,0
0,1,6,0,0,0
20,1,4,0,0,0
17,7,8,0,0,0
27,8,5,0,0,0
18,7,7,0,0,0
22,3,4,0,0,0
5,6,6,0,0,0
33,6,2,0,0,0
13,6,8,0,0,0
39,4,2,0,0,0
19,4,8,0,0,0
39,3,2,0,0,0
19,3,8,0,0,0
35,5,2,0,0,0
19,2,8,0,0,0
24,5,4,0,0,0
15,5,8,0,0,0
33,5,3,0,0,0
4,5,6,0,0,0
38,3,3,0,0,0
13,5,7,0,0,0
39,2,2,0,0,0
13,4,6,0,0,0
23,4,4,0,0,0
10,1,8,0,0,0
30,1,2,0,0,0
19,1,9,0,0,0
39,1,1,0,0,0
14,2,8,0,0,0
34,2,2,0,0,0
16,3,9,0,0,0
35,4,3,0,0,0
2,3,6,0,0,0
36,3,2,0,0,0
15,4,8,0,0,0
33,4,2,0,0,0
13,3,7,0,0,0
33,3,1,0,0,0
3,4,6,0,0,0
26,7,4,0,0,0
15,3,8,0,0,0
37,7,2,0,0,0
17,5,8,0,0,0
26,7,5,0,0,0
6,7,5,0,0,0
37,7,5,0,0,0
4,5,5,0,0,0
37,5,5,0,0,0
17,5,5,0,0,0
24,5,5,0,0,0
37,7,1,0,0,1
24,5,6,0,0,0
26,5,2,0,0,1
24,5,7,1,0,0
26,5,1,1,0,0
17,7,9,0,0,1
26,4,1,1,1,0
17,8,9,1,0,0
37,8,1,1,0,0
11,4,7,0,0,1
16,4,8,0,0,0
6,5,6,0,0,1
26,3,1,1,1,0
36,3,1,0,0,0
0,1,5,0,0,0
38,1,5,0,0,0
10,1,5,0,0,0
20,1,5,0,0,0
38,6,5,0,0,1
20,1,6,0,0,0
38,4,3,1,0,0
20,1,7,1,0,0
14,1,7,0,0,0
30,1,7,1,0,0
20,1,8,0,0,1
24,4,8,1,1,0
13,4,8,0,0,0
17,2,9,1,1,0
19,2,9,0,0,0
12,3,7,0,0,1
13,3,7,0,0,0
30,1,8,1,1,0
19,1,8,0,0,0
4,1,7,0,0,1
19,1,7,0,0,0
26,1,6,0,0,1
19,1,6,0,0,0
14,1,5,0,0,1
