Seiya Kondo
Kazuhiro Nishikawa
1,2,6,0,0,0
22,3,4,0,0,0
6,7,6,0,0,0
23,4,4,0,0,0
14,4,8,0,0,0
37,3,2,0,0,0
1,2,5,0,0,0
38,3,3,0,0,0
19,6,8,0,0,0
34,4,2,0,0,0
19,7,8,0,0,0
39,6,2,0,0,0
4,5,6,0,0,0
39,7,2,0,0,0
18,7,7,0,0,0
24,5,4,0,0,0
14,5,7,0,0,0
34,5,3,0,0,0
16,5,8,0,0,0
39,8,2,0,0,0
19,8,8,0,0,0
29,9,2,0,0,0
5,6,6,0,0,0
39,9,1,0,0,0
16,6,7,0,0,0
33,8,2,0,0,0
9,9,8,0,0,0
26,7,4,0,0,0
19,9,9,0,0,0
36,5,2,0,0,0
13,8,8,0,0,0
25,6,4,0,0,0
15,7,8,0,0,0
36,6,3,0,0,0
14,6,8,0,0,0
35,7,2,0,0,0
14,7,9,0,0,0
34,6,2,0,0,0
2,3,6,0,0,0
34,7,1,0,0,0
0,1,6,0,0,0
38,5,1,0,0,0
18,6,8,0,0,0
20,1,4,0,0,0
8,9,6,0,0,0
28,9,4,0,0,0
7,8,6,0,0,0
37,5,2,0,0,0
18,4,6,0,0,0
23,4,5,0,0,0
18,3,7,0,0,0
22,3,5,0,0,0
2,3,5,0,0,0
37,3,2,0,0,0
4,5,5,0,0,0
37,3,5,0,0,0
4,5,4,0,0,0
23,4,6,0,0,0
3,4,6,0,0,0
2,5,2,0,0,1
18,4,8,0,0,0
38,7,3,0,0,0
18,5,7,0,0,0
25,6,5,0,0,0
5,6,5,0,0,0
36,5,4,0,0,0
22,5,6,0,0,1
36,6,5,0,0,0
24,6,6,0,0,1
36,6,4,0,0,0
1,2,4,0,0,0
4,4,8,0,0,1
23,3,6,0,0,1
37,3,6,0,0,0
25,3,7,0,0,1
37,3,5,0,0,0
1,2,3,1,0,0
4,4,9,1,0,0
1,2,4,1,1,0
4,5,9,1,1,0
1,3,4,1,1,0
37,3,4,0,0,0
17,2,1,1,0,0
4,5,8,1,1,0
18,3,9,0,0,0
4,6,9,1,1,0
18,1,7,0,0,0
36,6,3,0,0,0
8,9,5,0,0,0
38,4,6,0,0,0
17,4,1,1,1,0
5,4,4,0,0,1
21,4,7,0,0,1
38,7,9,1,0,0
15,7,9,0,0,0
4,7,9,1,1,0
13,7,9,0,0,0
23,2,8,0,0,1
19,8,8,0,0,0
23,2,9,1,0,0
38,4,6,0,0,1
28,9,5,0,0,0
4,9,3,0,0,1
29,9,3,0,0,0
32,8,5,0,0,1
14,8,4,0,0,1
32,9,3,1,0,0
14,9,3,0,0,0
29,9,7,0,0,1
12,7,3,0,0,1
17,1,1,1,1,0
23,1,9,1,1,0
30,6,5,0,0,1
10,9,4,0,0,1
30,6,3,1,0,0
35,6,3,0,0,0
29,9,5,0,0,0
10,9,5,0,0,0
9,9,5,0,0,0
1,9,4,0,0,1
9,9,4,0,0,0
14,9,4,0,0,0
10,9,9,0,0,1
30,9,2,0,0,1
10,9,4,0,0,0
30,9,4,0,0,0
28,9,3,0,0,1
3,9,2,0,0,1
28,9,2,1,0,0
39,9,2,0,0,0
1,9,5,0,0,1
30,9,5,0,0,0
14,2,5,0,0,1
23,1,8,1,1,0
18,2,6,0,0,0
29,2,3,0,0,1
17,2,1,1,1,0
29,2,5,0,0,0
17,2,5,1,1,0
9,2,4,0,0,1
17,9,5,1,1,0
8,9,4,0,0,1
17,9,4,1,1,0
4,9,3,0,0,1
17,9,8,1,1,0
9,2,6,0,0,0
29,9,7,0,0,1
5,4,5,0,0,0
30,9,6,0,0,1
14,8,4,0,0,1
30,9,3,1,0,0
14,9,3,0,0,0
29,9,3,1,0,0
33,9,3,0,0,0
3,9,4,0,0,1
33,9,4,0,0,0
8,9,3,0,0,1
39,9,3,0,0,0
38,7,3,1,0,0
35,7,3,0,0,0
12,8,5,0,0,1
39,8,2,0,0,0
17,9,4,1,1,0
10,9,1,0,0,1
12,7,3,1,0,0
31,7,3,0,0,0
14,9,3,0,0,1
39,7,2,0,0,0
4,9,2,0,0,1
18,4,9,0,0,1
36,7,8,0,0,1
32,8,2,0,0,1
14,8,2,1,0,0
34,8,2,0,0,0
32,5,5,0,0,1
12,5,1,0,0,1
33,9,3,0,0,1
34,9,3,0,0,0
17,9,3,1,1,0
14,8,4,0,0,1
34,6,1,0,0,1
39,6,1,0,0,0
17,8,3,1,1,0
33,7,2,0,0,1
17,8,4,1,1,0
30,8,3,0,0,1
17,9,3,1,1,0
30,8,6,0,0,0
27,8,7,0,0,1
18,6,7,1,0,0
35,7,7,0,0,1
15,8,3,0,0,1
