Shota Chida
Eiji Ijima
1,2,6,0,0,0
22,3,4,0,0,0
1,2,5,0,0,0
27,8,4,0,0,0
1,2,4,0,0,0
21,2,4,0,0,0
17,2,4,0,0,0
27,8,5,0,0,0
15,7,8,0,0,0
36,3,2,0,0,0
14,3,8,0,0,0
33,7,2,0,0,0
8,9,6,0,0,0
39,5,2,0,0,0
17,2,8,0,0,0
1,2,3,0,0,1
3,4,6,0,0,0
26,7,4,0,0,0
14,4,7,0,0,0
31,7,3,0,0,0
14,5,6,0,0,0
25,6,4,0,0,0
16,5,8,0,0,0
35,6,2,0,0,0
6,7,6,0,0,0
27,8,6,0,0,0
7,8,6,0,0,0
37,8,6,0,0,0
21,8,7,0,0,1
37,8,1,0,0,0
14,4,5,0,0,0
7,8,6,0,0,1
21,8,6,0,0,0
37,8,6,0,0,0
5,6,6,0,0,0
25,6,5,0,0,0
27,8,7,0,0,1
37,7,6,0,0,0
16,6,7,0,0,0
37,7,5,0,0,0
7,7,6,0,0,1
37,8,5,0,0,0
5,6,5,0,0,0
37,6,5,0,0,0
11,7,7,0,0,0
37,6,7,1,0,0
15,6,7,0,0,0
21,6,6,0,0,1
15,6,8,0,0,0
6,8,6,0,0,1
27,8,6,0,0,0
26,7,5,0,0,0
7,7,5,0,0,0
5,7,6,0,0,1
11,8,5,0,0,0
31,6,5,0,0,0
25,6,3,0,0,1
35,6,3,0,0,0
6,6,4,0,0,1
35,6,4,0,0,0
7,7,4,0,0,0
35,7,4,0,0,0
26,7,3,0,0,1
33,6,1,0,0,0
37,8,2,0,0,1
39,6,3,0,0,0
37,8,1,1,0,0
16,6,2,0,0,1
37,9,1,1,1,0
25,8,7,0,0,1
37,9,3,1,1,0
39,6,4,0,0,0
14,5,6,0,0,0
25,8,8,1,0,0
26,7,2,1,0,0
33,7,2,0,0,0
17,2,5,0,0,0
18,7,5,0,0,1
37,9,4,1,1,0
6,8,4,0,0,1
28,7,3,0,0,1
33,6,1,0,0,0
37,8,3,1,1,0
25,7,9,1,1,0
14,6,5,0,0,0
35,6,5,0,0,0
17,6,5,0,0,0
39,6,5,0,0,0
35,5,6,0,0,1
