Sota Fujii
Tatsuya Sugai
1,2,6,0,0,0
22,3,4,0,0,0
6,7,6,0,0,0
23,4,4,0,0,0
14,4,8,0,0,0
28,9,4,0,0,0
8,9,6,0,0,0
37,3,2,0,0,0
1,2,5,0,0,0
38,3,3,0,0,0
19,6,8,0,0,0
34,4,2,0,0,0
19,7,8,0,0,0
39,6,2,0,0,0
16,5,8,0,0,0
39,7,2,0,0,0
18,7,7,0,0,0
39,8,2,0,0,0
19,8,8,0,0,0
36,5,2,0,0,0
4,5,6,0,0,0
34,4,3,0,0,0
14,5,7,0,0,0
34,5,4,0,0,0
5,6,6,0,0,0
29,9,2,0,0,0
9,9,8,0,0,0
39,9,1,0,0,0
19,9,9,0,0,0
33,8,2,0,0,0
13,8,8,0,0,0
35,7,1,0,0,0
15,7,9,0,0,0
26,7,4,0,0,0
16,6,8,0,0,0
37,4,2,0,0,0
17,2,6,0,0,0
23,4,5,0,0,0
17,3,6,0,0,0
34,4,3,0,0,0
16,7,8,0,0,0
38,4,4,0,0,0
3,4,6,0,0,0
23,4,6,0,0,0
14,4,6,0,0,0
26,7,5,0,0,0
6,7,5,0,0,0
3,7,6,0,0,1
18,6,8,0,0,0
38,6,6,0,0,0
14,5,7,0,0,0
38,3,3,0,0,0
17,4,6,0,0,0
25,6,4,0,0,0
6,7,4,0,0,0
34,4,4,0,0,0
17,4,9,0,0,0
36,6,3,0,0,0
2,3,6,0,0,0
5,4,5,0,0,1
18,8,6,0,0,0
36,7,4,0,0,0
2,3,5,0,0,0
22,3,5,0,0,0
23,3,4,0,0,1
38,2,2,0,0,0
1,2,4,0,0,0
21,2,4,0,0,0
14,6,6,0,0,0
24,5,4,0,0,0
14,7,5,0,0,0
36,8,5,0,0,0
14,6,4,0,0,0
36,8,6,0,0,0
7,8,6,0,0,0
18,2,8,0,0,1
17,6,9,0,0,0
18,1,9,1,0,0
14,6,3,1,0,0
6,6,2,0,0,1
26,7,2,0,0,1
35,6,1,0,0,0
25,4,3,0,0,1
37,4,1,0,0,0
14,6,2,1,1,0
10,6,4,0,0,1
6,6,5,0,0,1
35,6,2,0,0,0
6,6,4,0,0,0
34,5,3,0,0,0
6,6,3,1,0,0
14,7,7,0,0,1
11,7,7,0,0,0
3,7,7,1,0,0
13,7,7,0,0,0
2,7,6,0,0,1
13,8,8,0,0,0
11,6,6,0,0,1
17,6,6,0,0,0
38,6,6,0,0,0
10,6,9,0,0,1
38,8,8,1,0,0
16,8,8,0,0,0
13,7,7,0,0,1
14,8,9,0,0,1
17,4,9,0,0,1
36,7,8,0,0,1
13,7,8,0,0,0
16,7,8,0,0,0
36,7,7,0,0,1
13,8,8,0,0,1
1,6,8,0,0,1
15,6,8,0,0,0
36,6,8,0,0,0
10,6,8,0,0,0
17,2,9,1,0,0
38,2,2,0,0,1
28,9,5,0,0,0
26,7,1,1,0,0
28,9,6,0,0,0
26,8,1,1,1,0
37,8,1,0,0,0
3,9,3,0,0,1
29,9,3,0,0,0
11,8,5,0,0,1
12,9,7,0,0,1
31,7,9,0,0,1
17,6,9,1,1,0
1,9,2,0,0,1
39,9,2,0,0,0
11,9,3,1,0,0
33,9,3,0,0,0
13,9,7,0,0,0
28,9,7,1,0,0
9,9,7,0,0,0
8,9,4,0,0,1
12,8,5,0,0,1
13,8,4,0,0,1
12,9,3,1,0,0
13,9,3,0,0,0
6,6,2,1,1,0
11,8,5,0,0,1
7,8,5,0,0,0
12,8,6,0,0,1
36,8,8,0,0,1
15,9,8,0,0,1
14,9,8,0,0,0
12,7,8,1,0,0
33,7,2,0,0,1
37,8,2,0,0,0
11,8,4,0,0,1
27,8,4,0,0,0
36,7,8,0,0,0
11,9,1,0,0,1
12,7,5,0,0,1
16,7,3,0,0,1
35,8,1,0,0,1
17,7,8,1,1,0
35,9,1,0,0,0
39,9,1,0,0,0
28,9,2,0,0,1
39,9,2,0,0,0
15,8,3,0,0,1
