Yasuaki Yokoyama
Taichi Nakamura
1,2,6,0,0,0
27,8,4,0,0,0
1,2,5,0,0,0
27,8,5,0,0,0
15,7,8,0,0,0
36,3,2,0,0,0
14,3,8,0,0,0
33,7,2,0,0,0
0,1,6,0,0,0
20,1,4,0,0,0
19,6,8,0,0,0
39,5,2,0,0,0
6,7,6,0,0,0
27,8,6,0,0,0
7,8,6,0,0,0
37,8,6,0,0,0
2,3,6,0,0,0
26,7,4,0,0,0
1,2,4,0,0,0
21,2,4,0,0,0
17,2,4,0,0,0
7,2,3,0,0,1
17,7,4,0,0,0
33,7,3,0,0,0
27,8,7,0,0,1
37,8,2,0,0,0
17,7,5,0,0,0
33,6,4,0,0,0
17,2,5,0,0,0
31,7,3,0,0,0
0,1,5,0,0,0
20,1,5,0,0,0
21,1,4,0,0,1
35,7,2,0,0,0
17,1,5,0,0,0
1,1,2,0,0,1
8,9,6,0,0,0
0,8,6,0,0,1
27,8,6,0,0,0
37,8,6,0,0,0
15,7,7,0,0,0
37,8,1,0,0,0
26,8,6,0,0,1
22,3,4,0,0,0
5,6,6,0,0,0
38,3,3,0,0,0
17,2,5,0,0,0
34,4,2,0,0,0
6,7,5,0,0,0
35,8,3,0,0,0
15,7,6,0,0,0
24,5,4,0,0,0
5,6,5,0,0,0
33,5,5,0,0,0
19,5,8,0,0,0
27,7,4,0,0,1
19,4,8,0,0,0
27,7,5,0,0,0
15,7,7,0,0,0
35,7,4,0,0,0
15,8,7,0,0,0
31,6,5,0,0,0
11,7,7,0,0,0
31,7,7,1,0,0
15,7,7,0,0,0
11,6,5,0,0,1
15,8,7,0,0,0
38,4,4,0,0,0
17,2,7,0,0,0
32,3,3,0,0,0
19,3,9,0,0,0
11,5,7,1,0,0
15,7,7,0,0,0
22,3,5,0,0,0
20,5,8,0,0,1
11,5,6,1,1,0
31,4,8,0,0,1
22,3,6,0,0,0
15,7,8,0,0,0
32,4,5,0,0,0
31,5,6,0,0,0
33,5,6,0,0,0
18,4,4,0,0,0
23,4,4,0,0,0
11,4,8,0,0,1
31,3,5,0,0,1
17,1,7,0,0,0
18,6,6,0,0,1
38,8,8,0,0,1
37,8,6,0,0,0
15,7,7,0,0,0
31,4,7,0,0,0
19,2,8,0,0,0
37,8,8,1,0,0
13,8,8,0,0,0
18,4,8,1,0,0
16,4,8,0,0,0
38,3,9,0,0,1
