Yoshiharu Habu
Takuya Nagase
1,2,6,0,0,0
27,8,4,0,0,0
1,2,5,0,0,0
27,8,5,0,0,0
15,7,8,0,0,0
36,3,2,0,0,0
14,3,8,0,0,0
33,7,2,0,0,0
8,9,6,0,0,0
20,1,4,0,0,0
2,3,6,0,0,0
27,8,6,0,0,0
7,8,6,0,0,0
37,8,6,0,0,0
19,5,8,0,0,0
28,9,4,0,0,0
1,2,4,0,0,0
21,2,4,0,0,0
17,2,4,0,0,0
7,2,3,0,0,1
17,2,6,0,0,0
22,3,4,0,0,0
27,8,7,0,0,1
37,8,4,0,0,0
6,7,6,0,0,0
39,5,2,0,0,0
12,3,7,0,0,0
37,7,4,0,0,0
18,2,2,1,0,0
34,2,2,0,0,0
13,8,8,0,0,0
28,9,5,0,0,0
8,9,5,0,0,0
37,7,6,0,0,0
21,7,7,0,0,1
37,7,5,0,0,0
16,4,8,0,0,0
32,3,3,0,0,0
3,4,6,0,0,0
1,9,6,0,0,1
9,9,6,0,0,0
18,7,4,0,0,1
13,9,7,0,0,0
6,9,8,0,0,1
38,6,6,0,0,1
37,6,5,0,0,0
21,7,6,0,0,0
37,6,6,0,0,0
5,6,6,0,0,0
6,9,9,1,0,0
2,3,5,0,0,0
22,3,5,0,0,0
28,3,4,0,0,1
6,8,9,1,1,0
28,3,3,1,0,0
34,3,3,0,0,0
12,4,5,0,0,0
34,3,4,0,0,0
37,2,1,0,0,1
38,1,5,0,0,1
17,1,6,0,0,0
38,4,8,1,0,0
19,4,8,0,0,0
11,3,6,0,0,1
19,3,7,0,0,0
34,4,5,0,0,0
32,6,5,0,0,1
20,1,5,0,0,0
3,4,5,0,0,0
20,1,6,0,0,0
37,1,1,1,0,0
12,3,4,0,0,1
30,4,9,0,0,1
18,6,5,0,0,0
5,6,5,0,0,0
17,5,8,0,0,1
38,1,5,0,0,1
16,2,8,0,0,1
19,4,7,0,0,0
17,7,8,1,0,0
