Sota Fujii
Amahiko Sato
1,2,6,0,0,0
22,3,4,0,0,0
6,7,6,0,0,0
27,8,4,0,0,0
1,2,5,0,0,0
27,8,5,0,0,0
15,7,8,0,0,0
36,3,2,0,0,0
1,2,4,0,0,0
21,2,4,0,0,0
17,2,4,0,0,0
27,8,6,0,0,0
7,8,6,0,0,0
37,8,6,0,0,0
17,3,4,0,0,0
32,3,3,0,0,0
19,5,8,0,0,0
20,1,4,0,0,0
16,3,8,0,0,0
33,7,2,0,0,0
14,4,8,0,0,0
28,9,4,0,0,0
8,9,6,0,0,0
34,4,2,0,0,0
0,1,6,0,0,0
39,5,2,0,0,0
17,3,6,0,0,0
23,4,4,0,0,0
6,7,5,0,0,0
37,8,4,0,0,0
11,7,7,0,0,0
34,4,3,0,0,0
17,7,6,0,0,0
23,4,5,0,0,0
2,3,6,0,0,0
32,2,5,0,0,0
17,5,6,0,0,0
24,5,4,0,0,0
21,8,5,0,0,1
37,6,4,0,0,0
27,2,6,0,0,1
1,3,7,0,0,1
16,3,9,0,0,0
38,5,5,0,0,0
17,5,5,0,0,0
24,5,5,0,0,0
27,2,5,0,0,0
28,9,5,0,0,0
8,9,5,0,0,0
20,1,5,0,0,0
12,3,7,0,0,0
7,3,8,0,0,1
16,3,8,0,0,0
17,2,9,0,0,1
38,2,8,0,0,1
20,1,6,0,0,0
16,3,9,0,0,0
17,2,8,1,0,0
16,2,8,0,0,0
38,8,9,0,0,1
32,7,6,0,0,1
37,5,4,0,0,0
32,8,4,0,0,0
0,8,7,0,0,1
18,9,7,0,0,0
24,5,6,0,0,0
4,5,6,0,0,0
29,9,5,0,0,0
32,7,2,1,0,0
35,7,2,0,0,0
17,9,2,0,0,1
39,6,1,0,0,0
22,9,6,0,0,1
32,8,6,0,0,1
15,6,8,0,0,0
32,9,8,1,0,0
13,7,8,0,0,0
38,7,8,1,0,0
15,7,8,0,0,0
32,9,7,1,1,0
9,9,7,0,0,0
