Shintaro Saito
Akira Watanabe
1,2,6,0,0,0
27,8,4,0,0,0
6,7,6,0,0,0
27,8,5,0,0,0
18,7,7,0,0,0
22,3,4,0,0,0
13,8,8,0,0,0
36,3,2,0,0,0
14,3,8,0,0,0
33,6,2,0,0,0
1,2,5,0,0,0
38,7,7,1,0,0
13,7,7,0,0,0
34,2,2,0,0,0
0,1,6,0,0,0
34,3,3,0,0,0
0,1,5,0,0,0
26,7,4,0,0,0
15,7,8,0,0,0
33,7,3,0,0,0
3,4,6,0,0,0
39,4,2,0,0,0
14,4,7,0,0,0
35,5,2,0,0,0
14,5,6,0,0,0
39,3,1,0,0,0
5,6,6,0,0,0
33,8,4,0,0,0
3,4,5,0,0,0
26,7,5,0,0,0
38,4,6,0,0,1
18,6,4,0,0,1
38,6,4,0,0,0
25,6,4,0,0,0
18,4,6,0,0,1
35,6,3,0,0,0
5,6,5,0,0,0
33,7,3,0,0,0
5,6,4,0,0,0
35,6,4,0,0,0
17,6,8,0,0,0
5,6,5,0,0,1
14,6,5,0,0,0
35,6,5,0,0,0
17,6,5,0,0,0
38,8,3,0,0,1
17,6,8,0,0,0
38,4,7,1,0,0
17,6,1,1,0,0
39,2,2,0,0,0
18,1,3,1,0,0
30,1,3,0,0,0
0,1,4,0,0,0
30,1,4,0,0,0
10,1,4,0,0,0
34,4,2,0,0,0
16,4,8,0,0,0
18,8,3,0,0,1
35,1,2,0,0,1
39,3,3,0,0,0
17,6,7,1,1,0
38,2,9,1,1,0
35,2,1,0,0,0
12,5,5,0,0,1
17,6,6,1,1,0
38,3,9,1,1,0
16,5,8,0,0,0
12,4,7,1,0,0
25,6,5,0,0,1
38,3,8,1,1,0
10,1,3,1,0,0
37,6,2,0,0,0
16,6,7,0,0,0
33,7,4,0,0,0
32,2,6,0,0,1
34,5,1,0,0,0
19,6,8,0,0,0
33,6,5,0,0,0
17,3,6,1,1,0
14,3,5,0,0,1
17,3,5,1,1,0
22,3,5,0,0,0
30,3,4,0,0,1
39,4,2,0,0,0
5,6,6,0,0,1
17,4,9,0,0,1
30,3,2,1,0,0
39,3,2,0,0,0
