Akihito Hirose
Shintaro Saito
1,2,6,0,0,0
27,8,4,0,0,0
1,2,5,0,0,0
27,8,5,0,0,0
15,7,8,0,0,0
36,3,2,0,0,0
14,3,8,0,0,0
20,1,4,0,0,0
8,9,6,0,0,0
28,9,4,0,0,0
19,5,8,0,0,0
33,6,2,0,0,0
2,3,6,0,0,0
27,8,6,0,0,0
7,8,6,0,0,0
37,8,6,0,0,0
12,3,7,0,0,0
28,9,5,0,0,0
27,8,7,0,0,1
37,3,6,0,0,0
8,9,5,0,0,0
7,9,7,0,0,1
1,2,4,0,0,0
21,2,4,0,0,0
17,2,4,0,0,0
29,9,5,0,0,0
28,9,6,0,0,1
29,9,6,0,0,0
11,9,7,0,0,0
22,3,4,0,0,0
16,4,8,0,0,0
2,2,6,0,0,1
3,4,6,0,0,0
29,9,7,1,0,0
18,9,7,0,0,0
11,3,5,0,0,1
14,4,7,0,0,0
37,3,7,1,0,0
16,3,7,0,0,0
2,2,7,1,0,0
16,2,7,0,0,0
36,3,3,0,0,0
21,2,3,0,0,1
38,1,3,0,0,0
17,2,6,0,0,0
11,4,7,1,0,0
19,4,7,0,0,0
12,3,5,0,0,1
19,5,6,0,0,0
1,9,6,0,0,1
18,8,6,0,0,0
8,8,5,0,0,1
18,9,5,0,0,0
12,2,7,1,0,0
17,2,7,0,0,0
24,5,4,0,0,0
5,6,6,0,0,0
14,5,8,0,0,1
19,6,5,0,0,0
38,4,6,0,0,0
15,6,8,0,0,0
38,1,9,1,0,0
15,5,8,0,0,0
38,1,8,1,1,0
17,4,7,0,0,0
38,2,9,1,1,0
21,2,2,1,0,0
34,2,2,0,0,0
29,4,9,0,0,1
16,6,7,0,0,1
19,7,6,0,0,0
38,4,7,1,1,0
19,6,7,0,0,0
17,6,9,0,0,1
13,6,8,0,0,0
17,4,9,1,0,0
15,4,7,0,0,0
17,4,7,1,1,0
38,8,3,0,0,1
10,7,4,0,0,1
7,4,2,0,0,1
15,5,6,0,0,1
19,7,8,0,0,0
17,5,8,1,1,0
37,4,1,0,0,1
39,5,2,0,0,0
38,6,1,1,0,0
39,5,3,0,0,0
14,5,9,0,0,1
15,6,7,0,0,0
19,8,8,0,0,0
