Yuki Sasaki
Sota Fujii
1,2,6,0,0,0
27,8,4,0,0,0
1,2,5,0,0,0
27,8,5,0,0,0
15,7,8,0,0,0
36,3,2,0,0,0
14,3,8,0,0,0
33,7,2,0,0,0
8,9,6,0,0,0
20,1,4,0,0,0
2,3,6,0,0,0
27,8,6,0,0,0
7,8,6,0,0,0
37,8,6,0,0,0
19,5,8,0,0,0
37,8,2,0,0,0
27,8,7,0,0,1
35,5,2,0,0,0
0,1,6,0,0,0
22,3,4,0,0,0
1,2,4,0,0,0
21,2,4,0,0,0
17,2,4,0,0,0
25,6,4,0,0,0
12,3,7,0,0,0
33,6,3,0,0,0
17,3,4,0,0,0
20,1,5,0,0,0
6,7,6,0,0,0
38,8,8,1,0,0
13,8,8,0,0,0
36,3,3,0,0,0
17,3,5,0,0,0
18,4,4,0,0,1
17,2,5,0,0,0
7,2,4,0,0,1
17,4,5,0,0,0
20,1,6,0,0,0
10,1,6,0,0,0
30,1,6,0,0,0
21,1,3,0,0,1
18,1,7,1,0,0
21,1,2,1,0,0
23,4,4,0,0,0
17,1,5,0,0,0
18,2,6,1,1,0
17,1,4,0,0,0
36,2,3,0,0,0
22,2,7,0,0,1
36,1,4,0,0,0
22,2,6,0,0,0
30,1,7,1,0,0
21,2,1,1,1,0
34,4,2,0,0,0
38,2,3,0,0,1
30,2,8,1,1,0
21,3,1,1,1,0
17,1,9,0,0,1
21,4,1,1,1,0
39,6,2,0,0,0
21,4,2,1,1,0
35,4,2,0,0,0
34,3,9,0,0,1
10,2,7,0,0,1
14,2,7,0,0,0
30,2,7,1,1,0
38,5,6,1,0,0
26,7,4,0,0,0
32,5,5,0,0,1
33,5,4,0,0,0
18,9,5,0,0,1
1,8,4,0,0,1
10,8,6,0,0,1
14,8,3,0,0,1
38,6,6,1,1,0
28,9,4,0,0,0
38,8,4,1,1,0
14,8,4,0,0,0
18,8,4,0,0,0
39,5,2,0,0,0
18,5,1,1,0,0
39,5,1,0,0,0
10,8,2,1,0,0
33,5,5,0,0,0
10,7,2,1,1,0
39,4,1,0,0,0
14,2,3,0,0,1
36,1,3,0,0,0
37,6,1,0,0,1
32,5,1,0,0,1
10,6,2,1,1,0
36,2,3,0,0,0
37,5,1,1,0,0
39,3,2,0,0,0
10,5,2,1,1,0
14,3,1,0,0,1
32,3,5,0,0,1
36,3,3,0,0,0
22,2,5,0,0,0
30,3,7,1,1,0
22,2,4,0,0,0
0,2,2,0,0,1
22,2,3,1,0,0
0,2,3,0,0,0
20,2,4,0,0,1
38,1,6,0,0,1
