Taichi Takami
Tetsuro Itodani
1,2,6,0,0,0
22,3,4,0,0,0
6,7,6,0,0,0
28,9,4,0,0,0
1,2,5,0,0,0
36,3,2,0,0,0
19,6,8,0,0,0
27,8,4,0,0,0
15,7,8,0,0,0
27,8,5,0,0,0
1,2,4,0,0,0
21,2,4,0,0,0
17,2,4,0,0,0
27,8,6,0,0,0
7,8,6,0,0,0
37,8,6,0,0,0
17,3,4,0,0,0
38,8,8,1,0,0
13,8,8,0,0,0
18,2,7,0,0,1
14,3,8,0,0,0
18,4,5,1,0,0
17,2,4,0,0,0
1,2,2,0,0,1
13,8,7,0,0,0
37,8,2,0,0,0
21,8,6,0,0,1
32,3,3,0,0,0
11,7,7,0,0,0
33,7,2,0,0,0
8,9,6,0,0,0
34,4,2,0,0,0
0,1,6,0,0,0
39,5,2,0,0,0
16,4,8,0,0,0
1,2,3,0,0,0
17,2,8,0,0,0
37,8,4,0,0,0
14,2,7,0,0,0
26,7,4,0,0,0
14,3,6,0,0,0
18,5,4,1,1,0
38,6,6,0,0,1
37,8,3,0,0,0
14,3,5,0,0,0
25,6,4,0,0,0
4,5,6,0,0,0
23,4,4,0,0,0
14,4,4,0,0,0
25,6,5,0,0,0
38,5,5,0,0,0
33,7,3,0,0,0
16,5,8,0,0,0
35,6,2,0,0,0
19,7,9,0,0,0
35,6,3,0,0,0
5,6,6,0,0,0
25,6,6,0,0,0
27,6,5,0,0,1
18,4,5,1,1,0
38,6,6,0,0,0
35,5,4,0,0,0
14,3,3,0,0,0
34,3,3,0,0,0
16,6,7,0,0,0
7,6,4,0,0,1
27,6,4,0,0,0
33,6,4,0,0,0
32,5,7,0,0,1
18,3,5,1,1,0
2,3,6,0,0,0
18,3,6,1,1,0
22,6,5,0,0,1
33,7,3,0,0,0
19,8,8,0,0,0
5,3,4,0,0,1
23,3,5,0,0,1
18,3,5,1,1,0
4,5,5,0,0,0
35,4,4,0,0,0
16,5,6,0,0,0
18,3,6,1,1,0
16,4,6,0,0,0
18,4,6,1,1,0
3,4,6,0,0,0
16,5,6,0,0,1
22,6,4,0,0,0
33,6,4,0,0,0
25,6,7,0,0,1
27,8,5,0,0,1
21,8,5,0,0,0
2,8,6,0,0,1
13,8,6,0,0,0
33,5,5,0,0,0
18,6,5,0,0,1
39,4,2,0,0,0
32,4,5,0,0,0
35,4,5,0,0,0
3,4,5,0,0,0
16,6,6,0,0,0
25,6,6,0,0,0
32,5,4,0,0,1
7,5,6,0,0,1
33,6,6,0,0,0
27,6,7,0,0,1
38,4,6,0,0,1
35,3,7,0,0,1
38,5,7,1,0,0
27,6,6,0,0,0
23,6,7,0,0,1
18,7,4,0,0,0
37,8,2,0,0,0
33,4,4,0,0,1
14,5,2,0,0,1
33,3,3,0,0,0
36,3,3,0,0,0
34,4,4,0,0,1
32,6,6,0,0,0
35,4,7,0,0,0
32,7,8,1,0,0
17,7,8,0,0,0
38,2,4,1,1,0
2,2,5,0,0,1
33,6,9,0,0,1
2,2,4,0,0,0
33,7,8,1,0,0
19,7,8,0,0,0
36,4,4,0,0,0
11,6,5,0,0,0
23,6,8,1,0,0
19,6,8,0,0,0
22,6,6,0,0,1
33,3,3,0,0,1
39,3,3,0,0,0
32,2,5,0,0,1
39,3,2,0,0,0
2,2,3,1,0,0
39,2,3,0,0,0
26,2,4,0,0,1
39,3,2,0,0,0
32,3,3,1,0,0
39,3,3,0,0,0
16,2,3,0,0,1
