Yuki Sasaki
Amahiko Sato
1,2,6,0,0,0
22,3,4,0,0,0
6,7,6,0,0,0
23,4,4,0,0,0
14,4,8,0,0,0
28,9,4,0,0,0
8,9,6,0,0,0
34,3,2,0,0,0
16,5,8,0,0,0
34,4,3,0,0,0
4,5,6,0,0,0
38,3,3,0,0,0
2,3,6,0,0,0
37,3,2,0,0,0
19,6,8,0,0,0
39,6,2,0,0,0
19,7,8,0,0,0
39,7,2,0,0,0
1,2,5,0,0,0
39,8,2,0,0,0
3,4,6,0,0,0
35,7,2,0,0,0
3,4,5,0,0,0
37,4,2,0,0,0
3,4,4,0,0,0
34,4,4,0,0,0
12,3,7,0,0,0
33,6,2,0,0,0
23,4,5,0,0,1
34,4,5,0,0,0
12,4,5,0,0,0
38,8,8,1,0,0
13,8,8,0,0,0
37,4,5,0,0,0
38,2,2,0,0,1
18,3,3,0,0,1
38,3,3,1,0,0
32,3,3,0,0,0
18,2,2,0,0,1
3,4,7,0,0,1
14,4,7,0,0,0
23,4,6,0,0,1
14,3,8,0,0,0
36,3,2,0,0,0
18,1,1,1,0,0
37,4,1,0,0,0
18,1,2,1,1,0
38,4,7,0,0,1
3,4,8,0,0,1
38,5,6,1,0,0
13,7,7,0,0,0
32,4,5,0,0,0
1,2,4,0,0,0
36,3,1,0,0,0
30,5,9,0,0,1
22,3,5,0,0,0
16,6,8,0,0,0
12,5,7,0,0,1
15,7,9,0,0,0
22,3,6,0,0,0
1,2,3,1,0,0
22,3,7,1,0,0
1,3,2,1,1,0
36,3,2,0,0,0
14,3,7,0,0,0
4,2,3,0,0,1
14,3,6,0,0,0
32,3,7,1,0,0
21,3,3,0,0,1
36,3,3,0,0,0
17,2,6,0,0,0
32,4,8,1,1,0
30,5,7,0,0,0
38,3,4,1,1,0
12,4,5,0,0,1
23,4,7,1,0,0
30,5,3,1,0,0
33,5,3,0,0,0
12,3,3,1,0,0
38,3,3,1,1,0
18,2,3,1,1,0
38,2,3,1,1,0
17,2,3,1,0,0
23,5,8,1,1,0
17,5,3,1,1,0
23,6,8,1,1,0
13,6,8,0,0,0
16,6,2,0,0,1
22,4,2,0,0,1
37,2,1,0,0,0
17,5,7,1,1,0
37,2,8,1,0,0
17,5,1,1,1,0
30,6,1,0,0,1
8,9,5,0,0,0
32,5,8,1,1,0
8,9,4,0,0,0
2,9,2,0,0,1
24,2,9,0,0,1
37,4,8,1,1,0
38,6,6,0,0,1
1,5,7,0,0,1
4,5,9,0,0,1
12,7,4,0,0,1
38,7,7,0,0,0
32,6,8,1,1,0
15,6,8,0,0,0
37,5,9,1,1,0
36,6,9,0,0,1
37,3,9,1,1,0
32,5,4,0,0,1
13,5,8,0,0,1
36,7,9,0,0,0
18,3,4,0,0,1
34,4,5,0,0,1
18,4,3,0,0,0
32,6,2,1,0,0
30,6,2,0,0,0
15,5,8,0,0,0
1,5,8,1,0,0
33,9,3,0,0,1
2,9,3,0,0,0
8,9,3,1,0,0
29,9,3,0,0,0
9,9,3,1,0,0
39,9,3,0,0,0
23,9,4,0,0,1
