Hiromu Watanabe
Kazuo Takasaki
1,2,6,0,0,0
22,3,4,0,0,0
6,7,6,0,0,0
23,4,4,0,0,0
14,4,8,0,0,0
34,3,2,0,0,0
19,6,8,0,0,0
34,4,3,0,0,0
16,5,8,0,0,0
28,9,4,0,0,0
8,9,6,0,0,0
38,3,3,0,0,0
1,2,5,0,0,0
37,2,2,0,0,0
3,4,6,0,0,0
39,6,2,0,0,0
14,4,7,0,0,0
39,7,2,0,0,0
19,7,8,0,0,0
39,8,2,0,0,0
2,3,6,0,0,0
33,7,2,0,0,0
12,3,7,0,0,0
36,5,2,0,0,0
17,2,9,0,0,0
25,6,4,0,0,0
0,1,6,0,0,0
33,6,3,0,0,0
14,5,6,0,0,0
24,5,4,0,0,0
7,8,6,0,0,0
35,7,2,0,0,0
18,7,7,0,0,0
26,7,4,0,0,0
13,8,8,0,0,0
27,8,4,0,0,0
13,8,7,0,0,0
31,7,3,0,0,0
16,6,8,0,0,0
37,4,2,0,0,0
19,7,9,0,0,0
37,4,1,0,0,0
15,7,8,0,0,0
36,6,2,0,0,0
3,4,5,0,0,0
34,5,2,0,0,0
1,2,4,0,0,0
21,2,4,0,0,0
3,4,4,0,0,0
38,4,4,0,0,0
18,4,4,0,0,0
37,4,4,0,0,0
23,4,5,0,0,1
37,4,1,0,0,0
38,6,6,0,0,1
18,4,6,0,0,1
17,2,7,0,0,0
22,3,5,0,0,0
17,2,4,0,0,0
24,5,5,0,0,0
14,5,5,0,0,0
18,3,7,1,0,0
17,2,2,1,0,0
25,6,5,0,0,0
38,7,7,0,0,0
18,1,9,1,1,0
21,2,8,0,0,1
18,1,8,1,1,0
17,1,1,1,1,0
18,3,6,1,1,0
30,6,4,0,0,1
18,4,5,1,1,0
30,6,3,1,0,0
34,6,3,0,0,0
17,2,2,1,1,0
10,5,2,0,0,1
17,3,2,1,1,0
37,6,1,0,0,0
4,5,6,0,0,0
10,5,5,0,0,0
38,5,5,0,0,0
12,6,4,0,0,1
38,2,2,1,0,0
12,5,6,0,0,0
16,5,8,0,0,0
1,5,7,0,0,1
16,5,7,0,0,0
14,6,8,0,0,1
15,6,8,0,0,0
12,6,8,1,0,0
19,6,8,0,0,0
3,5,6,0,0,1
16,5,8,0,0,0
15,5,7,0,0,1
19,7,8,0,0,0
15,5,8,0,0,0
12,5,5,0,0,1
3,5,7,1,0,0
12,6,3,1,0,0
3,6,7,1,1,0
19,8,8,0,0,0
18,6,3,1,1,0
24,6,4,0,0,1
18,5,4,1,1,0
33,4,3,0,0,1
16,7,8,0,0,1
13,7,8,0,0,0
3,7,8,1,1,0
19,7,8,0,0,0
18,4,5,1,1,0
1,5,6,0,0,1
12,6,6,0,0,1
19,8,8,0,0,0
18,5,6,1,1,0
10,7,9,0,0,1
13,7,8,0,0,1
24,6,3,1,0,0
13,7,9,0,0,0
19,9,8,0,0,0
35,6,3,0,0,0
3,6,4,0,0,1
30,8,7,0,0,1
