Akira Watanabe
Yoshiharu Habu
1,2,6,0,0,0
22,3,4,0,0,0
6,7,6,0,0,0
27,8,4,0,0,0
1,2,5,0,0,0
27,8,5,0,0,0
15,7,8,0,0,0
36,3,2,0,0,0
1,2,4,0,0,0
21,2,4,0,0,0
17,2,4,0,0,0
27,8,6,0,0,0
7,8,6,0,0,0
37,8,6,0,0,0
17,3,4,0,0,0
38,3,3,0,0,0
17,3,6,0,0,0
37,8,4,0,0,0
17,2,6,0,0,0
34,2,2,0,0,0
21,8,7,0,0,1
39,5,2,0,0,0
19,6,8,0,0,0
33,7,2,0,0,0
0,1,6,0,0,0
28,9,4,0,0,0
8,9,6,0,0,0
20,1,4,0,0,0
14,4,8,0,0,0
38,8,8,1,0,0
13,8,8,0,0,0
32,3,3,0,0,0
2,3,6,0,0,0
1,2,5,0,0,1
17,2,8,0,0,0
37,2,4,0,0,0
14,3,7,0,0,0
32,4,5,0,0,0
38,4,6,0,0,1
32,3,7,1,0,0
12,3,7,0,0,0
37,3,4,0,0,0
17,2,5,0,0,0
37,3,6,0,0,0
11,7,7,0,0,0
7,2,4,0,0,1
17,3,5,0,0,0
37,3,5,0,0,0
38,3,5,0,0,0
18,2,7,0,0,1
11,6,5,0,0,0
14,6,4,0,0,1
37,3,4,0,0,1
17,3,3,0,0,1
37,3,3,1,0,0
34,3,3,0,0,0
16,3,9,0,0,0
14,6,5,0,0,0
32,4,5,0,0,1
34,4,4,0,0,0
17,3,4,0,0,1
2,3,1,0,0,1
38,4,4,0,0,0
23,4,4,0,0,0
34,3,3,0,0,1
23,4,5,0,0,0
34,3,2,0,0,0
23,4,6,0,0,0
