Akihito Hirose
Kentaro Ishii
1,2,6,0,0,0
27,8,4,0,0,0
1,2,5,0,0,0
27,8,5,0,0,0
15,7,8,0,0,0
36,3,2,0,0,0
14,3,8,0,0,0
20,1,4,0,0,0
8,9,6,0,0,0
33,6,2,0,0,0
19,5,8,0,0,0
27,8,6,0,0,0
7,8,6,0,0,0
37,8,6,0,0,0
27,8,7,0,0,1
37,8,2,0,0,0
0,1,6,0,0,0
35,5,2,0,0,0
6,7,6,0,0,0
39,4,2,0,0,0
8,9,5,0,0,0
22,3,4,0,0,0
1,2,4,0,0,0
21,2,4,0,0,0
17,2,4,0,0,0
25,6,4,0,0,0
17,3,4,0,0,0
7,2,8,0,0,1
12,1,7,0,0,0
38,8,8,1,0,0
13,8,8,0,0,0
34,2,2,0,0,0
17,6,4,0,0,0
7,2,9,1,0,0
14,2,9,0,0,0
18,2,7,0,0,1
8,9,4,0,0,0
28,9,4,0,0,0
21,9,2,0,0,1
29,9,2,0,0,0
22,9,3,0,0,1
29,9,3,0,0,0
25,9,2,0,0,1
37,9,2,0,0,0
17,8,4,0,0,0
33,7,1,0,0,0
11,7,7,0,0,0
37,8,2,0,0,0
17,8,2,1,0,0
33,8,2,0,0,0
37,6,1,0,0,1
35,5,1,0,0,0
37,6,4,1,0,0
33,7,1,0,0,0
14,3,8,0,0,0
18,7,2,1,0,0
11,8,5,0,0,0
1,2,6,0,0,1
7,2,8,0,0,1
1,2,7,1,0,0
7,2,7,0,0,0
8,2,6,0,0,1
7,2,6,0,0,0
21,2,7,0,0,1
16,3,9,0,0,0
34,3,3,0,0,0
1,9,2,0,0,1
18,8,2,1,1,0
1,9,1,1,0,0
18,9,1,1,1,0
12,2,5,0,0,0
34,4,4,0,0,0
11,9,3,0,0,0
26,7,4,0,0,0
37,7,4,1,1,0
18,7,3,1,1,0
37,9,4,1,1,0
21,2,8,1,0,0
16,2,8,0,0,0
31,9,3,0,0,0
37,9,3,1,1,0
18,8,2,1,1,0
37,8,4,1,1,0
22,6,6,0,0,1
5,6,6,0,0,0
11,5,4,0,0,1
38,7,5,0,0,1
18,5,5,1,1,0
13,7,7,0,0,0
25,6,5,0,0,1
15,6,8,0,0,0
1,2,7,0,0,1
16,2,7,0,0,0
17,3,9,0,0,1
19,4,8,0,0,0
17,9,9,1,0,0
29,5,6,0,0,1
9,7,2,0,0,1
38,8,6,0,0,0
18,5,6,1,1,0
4,5,6,0,0,0
29,8,2,0,0,1
31,8,3,0,0,1
17,1,9,1,1,0
18,2,4,0,0,1
10,3,3,0,0,1
4,5,5,0,0,0
11,6,6,0,0,0
4,5,4,0,0,0
5,7,5,0,0,1
4,5,3,1,0,0
34,5,3,0,0,0
2,3,6,0,0,0
29,8,3,0,0,0
37,8,3,1,1,0
31,5,6,0,0,1
19,3,7,0,0,0
31,6,8,1,0,0
13,6,8,0,0,0
34,4,4,0,0,0
38,9,5,0,0,0
35,4,1,0,0,0
37,8,1,1,1,0
15,6,1,0,0,1
8,6,2,0,0,1
36,2,3,0,0,0
18,4,6,0,0,0
4,3,5,0,0,1
8,6,1,1,0,0
17,3,9,1,1,0
18,6,4,0,0,0
39,3,2,0,0,0
37,7,1,1,1,0
