Shingo Sawada
Takahiro Ohashi
6,7,6,0,0,0
27,8,4,0,0,0
0,1,6,0,0,0
27,8,5,0,0,0
18,7,7,0,0,0
22,3,4,0,0,0
5,6,6,0,0,0
20,1,4,0,0,0
13,7,8,0,0,0
33,6,2,0,0,0
13,6,7,0,0,0
35,5,2,0,0,0
17,8,8,0,0,0
39,4,2,0,0,0
19,4,8,0,0,0
39,3,2,0,0,0
19,3,8,0,0,0
24,5,4,0,0,0
19,2,8,0,0,0
33,5,3,0,0,0
14,3,8,0,0,0
26,7,4,0,0,0
15,5,8,0,0,0
38,3,3,0,0,0
4,5,6,0,0,0
39,2,2,0,0,0
17,7,8,0,0,0
34,3,2,0,0,0
6,7,5,0,0,0
26,7,5,0,0,0
5,6,5,0,0,0
27,8,6,0,0,0
18,3,3,1,0,0
32,3,3,0,0,0
17,7,5,0,0,0
6,7,3,0,0,1
7,8,6,0,0,0
37,8,6,0,0,0
11,7,7,0,0,0
18,9,4,0,0,1
26,8,2,0,0,1
37,8,8,1,0,0
26,8,1,1,0,0
37,9,9,1,1,0
31,4,6,0,0,1
39,2,1,0,0,0
17,7,3,1,0,0
9,7,2,0,0,1
17,8,2,1,1,0
9,7,7,1,0,0
17,5,2,1,1,0
9,6,7,1,1,0
17,4,1,1,1,0
34,4,1,0,0,0
35,2,2,0,0,1
39,2,2,0,0,0
31,3,4,0,0,0
39,1,3,0,0,0
38,3,1,0,0,1
39,2,4,0,0,0
38,5,3,1,0,0
13,4,4,0,0,1
2,3,6,0,0,0
35,2,5,0,0,1
38,4,3,1,1,0
37,4,9,1,1,0
14,4,9,0,0,0
7,3,7,0,0,1
31,2,2,1,0,0
16,3,8,0,0,1
19,1,7,0,0,0
11,3,4,0,0,1
31,2,3,1,1,0
39,2,3,0,0,0
36,2,2,0,0,1
