Yasuhiro Masuda
Asuto Saito
1,2,6,0,0,0
22,3,4,0,0,0
0,1,6,0,0,0
20,1,4,0,0,0
15,7,8,0,0,0
27,8,4,0,0,0
1,2,5,0,0,0
38,3,3,0,0,0
6,7,6,0,0,0
34,2,2,0,0,0
5,6,6,0,0,0
27,8,5,0,0,0
18,7,7,0,0,0
33,6,2,0,0,0
16,5,8,0,0,0
35,5,2,0,0,0
14,4,8,0,0,0
26,7,4,0,0,0
4,5,6,0,0,0
39,4,2,0,0,0
16,6,7,0,0,0
25,6,4,0,0,0
14,5,7,0,0,0
33,6,3,0,0,0
19,6,9,0,0,0
39,3,2,0,0,0
2,3,6,0,0,0
33,5,4,0,0,0
13,6,8,0,0,0
38,5,1,0,0,0
2,3,5,0,0,0
22,3,5,0,0,0
14,4,6,0,0,0
34,3,3,0,0,0
17,3,8,0,0,0
34,4,4,0,0,0
4,5,5,0,0,0
33,6,3,0,0,0
13,5,7,0,0,0
36,4,2,0,0,0
14,3,5,0,0,0
34,3,5,0,0,0
17,3,5,0,0,0
2,3,3,0,0,1
17,3,8,0,0,0
28,9,4,0,0,0
17,2,8,0,0,0
38,9,5,0,0,0
18,9,5,0,0,0
28,9,5,0,0,0
38,5,6,0,0,1
2,3,4,0,0,0
38,3,4,0,0,0
18,4,9,0,0,1
22,3,9,0,0,1
36,3,3,0,0,0
38,5,6,0,0,0
24,5,4,0,0,0
34,5,8,0,0,1
14,2,7,0,0,1
17,4,8,0,0,0
24,5,5,0,0,0
38,4,5,0,0,0
36,4,4,0,0,0
13,4,6,0,0,0
36,4,5,0,0,0
13,4,5,0,0,0
27,8,6,0,0,0
7,8,6,0,0,0
18,5,8,1,0,0
17,5,8,0,0,0
38,4,9,0,0,1
17,6,8,0,0,0
4,8,8,0,0,1
15,8,8,0,0,0
14,2,8,0,0,0
1,2,4,0,0,0
14,2,9,1,0,0
1,2,3,1,0,0
39,2,3,0,0,0
2,2,4,0,0,1
39,3,3,0,0,0
18,7,1,0,0,1
37,8,6,0,0,0
27,8,7,0,0,1
37,8,3,0,0,0
18,3,5,1,0,0
39,4,2,0,0,0
4,5,4,0,0,1
1,3,4,0,0,1
36,5,3,0,0,1
39,5,1,0,0,0
36,5,2,0,0,0
33,5,2,0,0,0
35,6,2,0,0,1
39,4,2,0,0,0
35,5,2,0,0,0
39,5,2,0,0,0
4,5,3,1,0,0
37,5,3,0,0,0
33,6,1,0,0,1
39,6,1,0,0,0
18,5,3,1,1,0
34,6,2,0,0,1
37,3,1,0,0,1
12,5,1,0,0,1
21,5,4,0,0,1
14,1,9,1,1,0
37,3,2,1,0,0
36,6,3,0,0,1
18,6,2,1,1,0
36,6,2,0,0,0
21,5,3,1,0,0
10,5,2,0,0,1
21,5,2,1,1,0
36,5,2,0,0,0
10,5,4,0,0,1
