Manabu Senzaki
Yuta Komori
1,2,6,0,0,0
22,3,4,0,0,0
6,7,6,0,0,0
28,9,4,0,0,0
1,2,5,0,0,0
28,9,5,0,0,0
15,7,8,0,0,0
37,4,2,0,0,0
19,6,8,0,0,0
39,6,2,0,0,0
14,3,8,0,0,0
39,7,2,0,0,0
18,7,7,0,0,0
38,7,7,1,0,0
11,7,7,0,0,0
37,2,2,0,0,0
13,8,8,0,0,0
34,4,2,0,0,0
3,4,6,0,0,0
34,3,3,0,0,0
6,7,5,0,0,0
39,8,2,0,0,0
7,8,6,0,0,0
33,7,2,0,0,0
13,8,7,0,0,0
36,5,2,0,0,0
8,9,6,0,0,0
28,9,6,0,0,0
9,9,6,0,0,0
29,9,6,0,0,0
13,9,6,0,0,0
25,6,4,0,0,0
28,9,4,0,0,1
9,9,1,0,0,1
13,8,5,0,0,0
18,9,8,0,0,1
14,4,7,0,0,0
18,5,4,1,0,0
14,5,6,0,0,0
23,4,4,0,0,0
38,3,6,0,0,1
18,4,3,1,1,0
6,7,4,0,0,0
26,7,4,0,0,0
13,7,4,0,0,0
22,3,5,0,0,0
38,4,7,0,0,0
24,5,4,0,0,0
26,7,3,0,0,1
33,7,3,0,0,0
28,9,3,1,0,0
9,9,3,0,0,0
13,7,3,1,0,0
39,7,3,0,0,0
5,6,6,0,0,0
8,7,6,0,0,1
11,8,5,0,0,0
39,6,2,0,0,0
14,6,7,0,0,0
13,7,7,0,0,1
19,5,9,0,0,0
13,8,6,1,0,0
29,8,9,0,0,1
13,7,7,1,1,0
38,8,3,1,0,0
18,3,4,1,1,0
4,5,6,0,0,0
9,9,9,1,0,0
11,7,3,1,0,0
31,7,3,0,0,0
27,7,4,0,0,1
35,5,1,0,0,0
27,7,3,1,0,0
39,5,3,0,0,0
5,6,5,0,0,0
13,7,8,1,1,0
14,7,8,0,0,0
9,8,9,1,1,0
5,6,4,0,0,0
6,6,2,0,0,1
38,7,4,1,1,0
29,4,7,0,0,1
16,5,8,0,0,0
9,7,9,1,1,0
16,4,7,0,0,0
9,7,8,1,1,0
5,6,3,1,0,0
6,6,3,0,0,0
27,6,3,1,1,0
36,6,3,0,0,0
31,6,5,0,0,1
39,4,2,0,0,0
38,6,3,1,1,0
39,3,1,0,0,0
31,5,3,1,0,0
37,8,2,0,0,0
19,4,8,0,0,0
37,8,7,1,0,0
38,5,4,1,1,0
14,3,2,0,0,1
1,2,4,0,0,0
21,2,4,0,0,0
25,2,3,0,0,1
18,2,3,1,1,0
33,4,3,0,0,1
15,4,1,0,0,1
6,2,5,0,0,1
21,2,5,0,0,0
24,2,4,0,0,1
18,2,4,1,1,0
29,2,7,0,0,1
11,2,6,0,0,1
29,2,6,0,0,0
21,2,6,0,0,0
33,3,2,0,0,0
15,3,2,0,0,0
13,4,3,0,0,1
33,2,3,0,0,1
13,3,2,0,0,0
33,3,2,0,0,0
11,4,3,0,0,1
39,2,2,0,0,0
14,3,1,0,0,1
39,1,2,0,0,0
11,5,1,1,0,0
18,2,3,1,1,0
17,2,6,0,0,0
26,2,4,0,0,1
31,4,2,1,1,0
13,5,9,0,0,1
19,3,8,0,0,0
29,5,3,0,0,1
31,3,2,1,1,0
