Taichi Nakamura
Kota Kanai
1,2,6,0,0,0
27,8,4,0,0,0
1,2,5,0,0,0
27,8,5,0,0,0
15,7,8,0,0,0
36,3,2,0,0,0
14,3,8,0,0,0
33,7,2,0,0,0
8,9,6,0,0,0
22,3,4,0,0,0
1,2,4,0,0,0
21,2,4,0,0,0
17,2,4,0,0,0
27,8,6,0,0,0
7,8,6,0,0,0
37,8,6,0,0,0
21,8,7,0,0,1
37,8,4,0,0,0
17,2,8,0,0,0
1,2,3,0,0,1
6,7,6,0,0,0
39,4,2,0,0,0
3,4,6,0,0,0
26,7,4,0,0,0
14,4,7,0,0,0
31,7,3,0,0,0
14,5,6,0,0,0
38,8,8,1,0,0
13,8,8,0,0,0
34,2,2,0,0,0
8,9,5,0,0,0
25,6,4,0,0,0
19,6,8,0,0,0
33,6,3,0,0,0
16,5,8,0,0,0
35,6,2,0,0,0
5,6,6,0,0,0
20,1,4,0,0,0
19,7,9,0,0,0
20,1,5,0,0,0
16,6,7,0,0,0
37,8,1,0,0,0
11,7,7,0,0,0
32,3,3,0,0,0
3,4,5,0,0,0
24,5,4,0,0,0
21,8,6,0,0,0
1,2,4,0,0,0
13,8,7,0,0,0
34,2,3,0,0,0
19,8,8,0,0,0
39,3,1,0,0,0
16,6,8,0,0,0
39,2,2,0,0,0
17,4,8,0,0,0
26,7,5,0,0,0
6,7,5,0,0,0
7,7,4,0,0,1
27,2,5,0,0,1
7,7,5,0,0,0
27,2,4,0,0,0
34,2,4,0,0,0
14,6,7,0,0,0
6,2,3,0,0,1
0,1,6,0,0,0
20,1,6,0,0,0
26,1,4,0,0,1
25,6,5,0,0,0
5,6,5,0,0,0
30,1,4,0,0,0
38,6,6,0,0,1
35,5,2,0,0,0
3,4,4,0,0,0
23,4,4,0,0,0
1,2,5,0,0,1
34,2,5,0,0,0
25,2,6,0,0,1
34,2,6,0,0,0
38,4,4,0,0,0
34,2,7,0,0,0
5,6,4,0,0,0
33,6,4,0,0,0
23,7,4,0,0,1
27,4,7,0,0,1
17,4,7,0,0,0
18,3,8,0,0,1
17,4,5,0,0,0
18,7,4,1,0,0
27,1,5,0,0,1
0,4,3,0,0,1
38,6,6,0,0,0
26,6,5,0,0,1
38,3,3,1,0,0
39,3,3,0,0,0
27,1,4,0,0,0
3,8,5,0,0,1
21,8,5,0,0,0
1,8,6,0,0,1
13,8,6,0,0,0
26,6,6,0,0,0
14,6,6,0,0,0
25,6,5,0,0,1
27,1,3,1,0,0
25,6,6,0,0,0
17,2,5,0,0,0
5,8,7,0,0,1
15,8,7,0,0,0
39,4,2,0,0,0
27,2,3,1,1,0
36,3,1,0,0,0
17,1,5,0,0,0
14,7,6,0,0,1
17,1,2,1,0,0
39,5,3,0,0,0
32,4,5,0,0,1
39,6,3,0,0,0
15,7,6,0,0,0
7,7,6,0,0,0
30,7,5,0,0,1
7,7,7,1,0,0
16,7,7,0,0,0
31,8,5,0,0,0
14,7,2,0,0,1
39,6,2,0,0,0
3,6,3,0,0,1
39,5,1,0,0,0
13,8,5,0,0,0
37,8,5,0,0,0
1,8,6,0,0,1
37,7,5,0,0,0
31,7,6,0,0,1
37,4,5,0,0,0
31,6,4,0,0,0
37,4,8,1,0,0
26,7,8,0,0,1
38,7,9,0,0,1
19,7,9,0,0,0
13,6,8,0,0,1
