Daichi Sasaki
Yuta Ishikawa
8,9,6,0,0,0
28,9,4,0,0,0
6,7,6,0,0,0
22,3,4,0,0,0
14,4,8,0,0,0
24,5,4,0,0,0
19,6,8,0,0,0
37,5,2,0,0,0
19,7,8,0,0,0
39,6,2,0,0,0
2,3,6,0,0,0
39,7,2,0,0,0
14,3,7,0,0,0
24,5,5,0,0,0
14,4,6,0,0,0
24,5,6,0,0,0
4,5,6,0,0,0
37,5,6,0,0,0
18,2,2,1,0,0
34,2,2,0,0,0
13,6,8,0,0,0
37,5,1,0,0,0
12,3,7,0,0,0
33,6,2,0,0,0
15,7,9,0,0,0
35,7,1,0,0,0
11,7,7,0,0,0
34,3,3,0,0,0
12,4,5,0,0,0
34,4,2,0,0,0
38,6,6,0,0,1
18,4,4,0,0,1
24,5,5,0,0,1
18,2,2,0,0,0
17,5,8,0,0,0
4,5,2,0,0,1
2,3,5,0,0,0
23,4,4,0,0,0
24,5,4,0,0,0
36,3,2,0,0,0
2,3,4,0,0,0
23,4,5,0,0,0
38,2,2,1,0,0
36,2,2,0,0,0
14,4,5,0,0,0
38,3,7,0,0,1
18,6,6,0,0,1
36,3,2,0,0,0
10,1,8,0,0,0
12,2,2,0,0,1
14,4,4,0,0,0
38,6,4,1,0,0
8,9,5,0,0,0
28,9,5,0,0,0
22,9,2,0,0,1
29,9,2,0,0,0
23,9,3,0,0,1
31,9,3,0,0,0
9,9,5,0,0,0
8,9,4,0,0,1
9,9,4,0,0,0
27,8,4,0,0,0
18,8,4,0,0,0
35,8,2,0,0,0
18,7,5,0,0,0
22,8,6,0,0,1
18,8,6,0,0,0
38,7,4,1,1,0
2,3,3,1,0,0
34,3,3,0,0,0
14,3,3,1,0,0
32,3,3,0,0,0
28,3,4,0,0,1
12,3,4,0,0,0
8,3,5,0,0,1
23,4,6,0,0,1
8,3,4,0,0,0
23,4,7,1,0,0
17,5,5,0,0,0
2,8,5,0,0,1
18,7,5,0,0,0
14,6,4,0,0,1
8,3,3,1,0,0
14,5,5,0,0,0
8,3,2,1,1,0
2,8,6,0,0,0
7,8,6,0,0,0
14,6,4,0,0,0
12,8,4,0,0,1
39,8,1,0,0,0
12,9,2,1,0,0
38,9,2,1,1,0
9,9,3,1,0,0
35,9,3,0,0,0
18,9,3,1,0,0
38,9,3,1,1,0
29,9,9,0,0,1
28,9,7,0,0,1
29,9,7,0,0,0
17,9,9,0,0,1
36,9,2,0,0,1
39,7,1,0,0,0
36,9,3,0,0,0
17,9,8,1,0,0
15,8,8,0,0,0
18,8,7,0,0,1
19,7,9,0,0,0
17,9,9,1,1,0
35,8,9,0,0,1
