Hiroyuki Kuroda
Shinichiro Hattori
6,7,6,0,0,0
27,8,4,0,0,0
17,7,8,0,0,0
27,8,5,0,0,0
18,7,7,0,0,0
22,3,4,0,0,0
13,6,8,0,0,0
39,4,2,0,0,0
15,5,8,0,0,0
20,1,4,0,0,0
0,1,6,0,0,0
33,6,2,0,0,0
19,4,8,0,0,0
39,3,2,0,0,0
19,3,8,0,0,0
24,5,4,0,0,0
19,2,8,0,0,0
35,5,2,0,0,0
14,3,8,0,0,0
33,5,3,0,0,0
18,2,2,1,0,0
39,2,2,0,0,0
13,7,7,0,0,0
34,3,2,0,0,0
17,8,8,0,0,0
26,7,4,0,0,0
13,6,6,0,0,0
23,4,4,0,0,0
6,7,5,0,0,0
37,8,4,0,0,0
38,5,6,0,0,1
23,4,5,0,0,0
38,4,5,0,0,0
33,6,4,0,0,0
38,3,4,0,0,0
26,7,5,0,0,0
3,4,6,0,0,0
35,4,3,0,0,0
38,2,5,0,0,0
18,3,3,0,0,1
23,7,2,0,0,1
18,4,4,0,0,0
17,7,8,0,0,0
18,5,3,0,0,0
23,7,1,1,0,0
27,8,6,0,0,0
7,8,6,0,0,0
37,8,6,0,0,0
22,8,8,0,0,1
18,7,1,0,0,0
13,7,5,0,0,0
33,7,5,0,0,0
17,7,5,0,0,0
6,7,3,0,0,1
11,7,7,0,0,0
13,7,4,0,0,1
33,8,7,0,0,1
37,8,2,0,0,0
17,7,6,0,0,0
18,5,3,0,0,0
27,7,2,0,0,1
7,8,6,0,0,1
33,9,6,0,0,0
37,7,2,0,0,0
38,4,7,0,0,0
18,6,4,0,0,0
17,6,6,0,0,0
37,8,2,0,0,0
26,7,2,0,0,1
37,7,2,0,0,0
33,8,5,0,0,0
13,7,5,0,0,0
38,8,3,1,0,0
37,6,2,0,0,0
17,6,4,0,0,0
13,6,4,0,0,0
18,8,2,0,0,1
17,8,9,0,0,1
18,9,1,1,0,0
17,9,9,1,0,0
18,8,1,1,1,0
9,3,3,0,0,1
29,5,9,0,0,1
17,8,8,1,1,0
38,7,2,1,1,0
37,7,2,0,0,0
18,7,2,1,1,0
7,8,7,1,0,0
18,6,3,1,1,0
7,7,7,1,1,0
18,6,4,1,1,0
7,6,8,1,1,0
37,7,1,0,0,1
7,5,8,1,1,0
13,3,1,0,0,1
39,1,2,0,0,0
29,5,8,0,0,0
23,4,8,0,0,1
16,3,9,0,0,0
17,5,8,1,1,0
31,2,5,0,0,1
9,3,7,1,0,0
19,3,7,0,0,0
17,5,7,1,1,0
9,4,7,0,0,1
38,4,4,0,0,1
37,4,1,1,0,0
34,4,1,0,0,0
25,3,6,0,0,1
15,3,2,0,0,1
0,1,5,0,0,0
11,3,3,0,0,1
31,3,3,1,0,0
32,3,3,0,0,0
3,4,5,0,0,0
38,5,5,0,0,0
18,5,5,1,1,0
17,5,5,1,1,0
3,4,4,0,0,0
29,1,7,0,0,1
12,1,7,0,0,0
15,3,1,0,0,0
29,3,5,0,0,1
32,4,5,0,0,0
19,2,6,0,0,0
31,3,4,0,0,1
29,3,4,0,0,0
35,3,4,0,0,0
36,2,5,0,0,1
29,2,4,0,0,1
38,4,3,0,0,1
13,3,5,0,0,1
25,3,5,0,0,0
37,4,6,0,0,1
11,3,6,0,0,1
35,3,5,0,0,0
19,1,6,0,0,0
37,3,6,0,0,0
31,2,6,0,0,1
29,2,5,0,0,0
12,2,5,0,0,0
11,2,4,0,0,1
19,1,7,0,0,0
35,2,6,0,0,0
