Yoshiharu Habu
Sota Fujii
1,2,6,0,0,0
27,8,4,0,0,0
1,2,5,0,0,0
27,8,5,0,0,0
6,7,6,0,0,0
36,3,2,0,0,0
18,7,7,0,0,0
22,3,4,0,0,0
13,8,8,0,0,0
38,7,7,1,0,0
13,7,7,0,0,0
34,2,2,0,0,0
14,4,8,0,0,0
34,3,3,0,0,0
2,3,6,0,0,0
33,6,2,0,0,0
14,3,7,0,0,0
26,7,4,0,0,0
15,7,8,0,0,0
33,7,3,0,0,0
14,4,6,0,0,0
28,9,4,0,0,0
0,1,6,0,0,0
33,6,4,0,0,0
2,3,5,0,0,0
22,3,5,0,0,0
14,3,5,0,0,0
27,8,6,0,0,0
7,8,6,0,0,0
2,8,5,0,0,1
22,3,4,0,0,1
34,2,2,0,0,0
5,6,6,0,0,0
2,8,6,0,0,0
27,8,8,0,0,1
7,3,3,0,0,1
5,6,5,0,0,0
33,6,5,0,0,0
38,4,6,0,0,1
18,6,4,0,0,1
17,6,8,0,0,0
31,7,3,0,0,0
6,7,5,0,0,0
26,7,5,0,0,0
13,6,6,0,0,0
18,4,6,0,0,0
14,4,6,0,0,0
33,6,6,0,0,0
17,6,6,0,0,0
38,7,4,0,0,1
22,3,3,1,0,0
34,3,3,0,0,0
19,4,8,0,0,0
34,4,4,0,0,0
16,3,8,0,0,0
35,7,2,0,0,0
19,3,9,0,0,0
32,3,3,0,0,0
33,3,4,0,0,1
39,5,2,0,0,0
11,7,7,0,0,0
37,8,4,0,0,0
19,2,8,0,0,0
13,3,6,0,0,1
4,5,6,0,0,0
34,4,5,0,0,0
18,2,1,0,0,1
5,3,1,0,0,1
33,4,5,0,0,0
32,4,5,0,0,0
7,6,4,0,0,1
33,5,7,0,0,1
17,6,7,0,0,0
33,4,6,1,0,0
3,4,6,0,0,0
38,5,6,0,0,0
7,6,3,1,0,0
35,6,3,0,0,0
34,6,1,0,0,1
39,6,2,0,0,0
33,7,2,0,0,1
38,3,8,1,0,0
19,3,8,0,0,0
14,4,7,0,0,1
17,4,7,0,0,0
13,4,7,1,0,0
19,4,7,0,0,0
17,5,7,0,0,1
