Shintaro Saito
Akira Watanabe
1,2,6,0,0,0
27,8,4,0,0,0
1,2,5,0,0,0
27,8,5,0,0,0
6,7,6,0,0,0
36,3,2,0,0,0
18,7,7,0,0,0
22,3,4,0,0,0
13,8,8,0,0,0
38,7,7,1,0,0
13,7,7,0,0,0
34,2,2,0,0,0
14,4,8,0,0,0
34,3,3,0,0,0
15,7,8,0,0,0
33,6,2,0,0,0
3,4,6,0,0,0
25,6,4,0,0,0
14,4,7,0,0,0
33,6,3,0,0,0
2,3,6,0,0,0
26,7,4,0,0,0
12,3,7,0,0,0
39,4,2,0,0,0
16,4,8,0,0,0
20,1,4,0,0,0
0,1,6,0,0,0
31,7,3,0,0,0
17,2,9,0,0,0
35,6,2,0,0,0
8,9,6,0,0,0
33,5,4,0,0,0
8,9,5,0,0,0
23,4,4,0,0,0
19,5,8,0,0,0
37,8,1,0,0,0
14,5,6,0,0,0
39,3,1,0,0,0
19,6,8,0,0,0
39,2,2,0,0,0
3,4,5,0,0,0
37,4,1,0,0,0
3,4,4,0,0,0
34,4,4,0,0,0
19,7,9,0,0,0
34,3,3,0,0,0
23,4,7,0,0,1
25,6,5,0,0,0
19,8,8,0,0,0
39,3,1,0,0,0
15,6,8,0,0,0
27,8,6,0,0,0
7,8,6,0,0,0
37,8,1,0,0,0
19,7,8,0,0,0
3,8,5,0,0,1
7,8,5,0,0,0
31,8,5,0,0,0
13,8,8,0,0,0
7,8,6,0,0,1
38,6,4,0,0,1
26,7,5,0,0,0
27,8,3,0,0,1
37,8,3,0,0,0
38,9,1,1,0,0
26,7,6,0,0,0
38,9,2,1,1,0
37,8,4,0,0,0
38,9,3,1,1,0
37,8,1,0,0,0
3,8,2,0,0,1
37,7,1,0,0,0
3,8,1,1,0,0
37,8,1,0,0,0
28,8,3,0,0,1
27,9,7,0,0,1
19,6,9,0,0,0
18,9,6,0,0,1
19,5,9,0,0,0
7,8,7,1,0,0
28,8,2,1,0,0
37,6,1,0,0,0
28,7,1,1,1,0
37,4,1,0,0,0
38,8,4,1,1,0
35,6,3,0,0,0
13,8,7,0,0,0
18,8,7,1,0,0
38,8,5,1,1,0
37,7,1,0,0,0
12,4,5,0,0,0
26,7,7,1,0,0
11,7,7,0,0,0
6,7,6,0,0,1
12,3,3,1,0,0
32,3,3,0,0,0
7,7,2,0,0,1
37,7,2,0,0,0
26,7,3,0,0,1
37,8,2,0,0,0
29,8,4,0,0,1
37,4,2,0,0,0
34,7,8,0,0,1
18,7,8,1,1,0
15,7,8,0,0,0
6,7,7,1,0,0
15,7,7,0,0,0
12,4,4,0,0,1
31,4,6,0,0,1
3,7,6,0,0,1
15,7,6,0,0,0
12,5,6,0,0,0
4,5,6,0,0,0
32,4,5,0,0,0
19,6,8,0,0,0
11,6,4,0,0,1
31,3,4,0,0,0
37,4,4,0,0,0
1,2,4,0,0,0
21,2,4,0,0,0
17,2,4,0,0,0
13,3,3,0,0,1
18,2,2,0,0,1
39,4,1,0,0,0
18,3,3,1,0,0
11,7,6,0,0,0
38,7,6,1,1,0
36,3,3,0,0,0
13,4,2,0,0,1
37,4,2,0,0,0
31,4,2,1,0,0
39,4,2,0,0,0
17,2,2,1,0,0
28,3,2,0,0,1
17,1,1,1,1,0
34,5,7,0,0,1
19,7,8,0,0,0
18,6,9,0,0,1
19,7,7,0,0,0
34,6,8,0,0,0
19,8,6,0,0,0
7,4,1,0,0,1
37,2,1,0,0,1
15,5,1,0,0,1
30,3,5,0,0,1
31,3,4,0,0,1
30,3,4,0,0,0
36,3,4,0,0,0
12,4,6,0,0,1
1,8,5,0,0,1
19,8,5,0,0,0
14,7,4,0,0,1
19,9,4,0,0,0
30,9,1,0,0,1
11,9,3,0,0,1
39,5,2,0,0,0
12,3,4,0,0,0
35,7,3,0,0,0
37,4,1,1,0,0
39,6,3,0,0,0
31,7,5,0,0,1
39,6,4,0,0,0
37,5,1,1,1,0
13,8,5,0,0,1
38,8,5,1,1,0
14,8,5,0,0,0
19,8,5,0,0,0
38,9,6,0,0,1
19,9,4,0,0,0
39,7,5,0,0,0
13,6,4,0,0,1
39,6,4,0,0,0
37,6,2,1,1,0
38,6,3,0,0,0
36,8,6,0,0,1
35,8,4,0,0,0
19,8,4,0,0,0
