Yugo Takeuchi
Tomoki Yokoyama
6,7,6,0,0,0
22,3,4,0,0,0
8,9,6,0,0,0
27,8,4,0,0,0
0,1,6,0,0,0
27,8,5,0,0,0
0,1,5,0,0,0
39,4,2,0,0,0
18,2,2,1,0,0
34,2,2,0,0,0
13,8,8,0,0,0
33,6,2,0,0,0
13,7,7,0,0,0
25,6,4,0,0,0
17,8,8,0,0,0
33,6,3,0,0,0
19,4,8,0,0,0
39,3,2,0,0,0
19,3,8,0,0,0
26,7,4,0,0,0
19,2,8,0,0,0
35,5,2,0,0,0
14,3,8,0,0,0
21,2,4,0,0,0
15,5,8,0,0,0
34,2,3,0,0,0
3,4,6,0,0,0
31,7,3,0,0,0
1,2,6,0,0,0
39,2,2,0,0,0
14,2,7,0,0,0
36,3,2,0,0,0
16,3,8,0,0,0
32,3,3,0,0,0
2,3,6,0,0,0
37,8,1,0,0,0
12,3,7,0,0,0
24,5,4,0,0,0
5,6,6,0,0,0
28,9,4,0,0,0
15,4,8,0,0,0
18,4,4,0,0,1
15,4,7,0,0,0
25,6,5,0,0,0
17,6,8,0,0,0
27,8,6,0,0,0
7,8,6,0,0,0
25,6,6,0,0,0
3,4,5,0,0,0
18,5,3,0,0,0
17,6,6,0,0,0
5,6,5,0,0,1
17,5,6,0,0,0
18,6,4,0,0,0
6,7,5,0,0,0
24,5,5,0,0,0
17,4,6,0,0,0
18,7,5,0,0,0
11,9,7,0,0,0
18,5,3,0,0,0
7,8,5,0,0,0
35,6,2,0,0,0
17,7,6,0,0,0
31,8,5,0,0,0
11,8,5,0,0,0
37,8,5,0,0,0
3,4,4,0,0,0
37,8,9,1,0,0
2,3,5,0,0,0
11,4,5,0,0,1
2,3,4,0,0,0
11,3,7,1,0,0
16,3,7,0,0,0
32,4,5,0,0,0
16,3,6,0,0,0
23,4,4,0,0,0
31,3,5,0,0,1
34,3,4,0,0,0
27,3,3,0,0,1
36,3,3,0,0,0
11,4,6,0,0,1
12,3,1,0,0,1
11,3,4,0,0,0
36,3,4,0,0,0
34,4,3,0,0,1
12,4,3,0,0,0
31,4,3,1,0,0
11,3,5,0,0,1
16,3,5,0,0,0
36,3,5,0,0,0
38,3,3,0,0,1
39,2,3,0,0,0
12,2,9,0,0,1
39,3,4,0,0,0
31,5,3,1,1,0
39,3,3,0,0,0
18,4,2,0,0,1
39,2,3,0,0,0
25,3,9,0,0,1
6,3,8,0,0,1
14,3,8,0,0,0
7,3,7,0,0,1
12,3,7,0,0,0
32,3,7,1,0,0
14,3,7,0,0,0
12,2,7,0,0,1
14,4,8,0,0,0
12,3,9,1,0,0
14,3,9,0,0,0
34,2,7,0,0,1
19,2,7,0,0,0
37,3,9,1,1,0
