Sae Ito
Hiroe Nakai
6,7,6,0,0,0
27,8,4,0,0,0
13,6,8,0,0,0
22,3,4,0,0,0
13,7,7,0,0,0
33,6,2,0,0,0
1,2,6,0,0,0
34,4,2,0,0,0
1,2,5,0,0,0
34,3,3,0,0,0
14,4,8,0,0,0
36,3,2,0,0,0
15,7,8,0,0,0
39,4,1,0,0,0
19,6,9,0,0,0
26,7,4,0,0,0
2,3,6,0,0,0
27,8,5,0,0,0
4,5,6,0,0,0
24,5,4,0,0,0
3,4,6,0,0,0
25,6,4,0,0,0
14,4,7,0,0,0
33,6,3,0,0,0
12,3,7,0,0,0
23,4,4,0,0,0
17,5,8,0,0,0
35,5,2,0,0,0
4,5,5,0,0,0
36,4,3,0,0,0
4,5,4,0,0,0
33,5,4,0,0,0
13,6,6,0,0,0
38,3,1,0,0,0
16,4,8,0,0,0
27,8,6,0,0,0
7,8,6,0,0,0
37,8,6,0,0,0
24,8,7,0,0,1
37,8,2,0,0,0
3,4,5,0,0,0
23,4,5,0,0,0
14,5,6,0,0,0
23,4,6,0,0,0
13,5,5,0,0,0
33,5,5,0,0,0
18,5,5,0,0,0
4,5,7,0,0,1
17,5,7,0,0,0
26,7,5,0,0,0
12,4,5,0,0,0
7,5,4,0,0,1
27,5,3,0,0,1
35,5,3,0,0,0
12,5,3,1,0,0
38,5,3,0,0,0
18,4,6,0,0,0
3,8,8,0,0,1
11,7,7,0,0,0
26,7,6,0,0,0
11,6,5,0,0,0
38,2,6,0,0,0
17,4,7,0,0,0
12,4,4,0,0,1
18,6,4,0,0,0
37,7,2,0,0,0
4,7,3,0,0,1
37,8,2,0,0,0
11,5,3,1,0,0
36,5,3,0,0,0
18,5,3,1,0,0
13,4,2,0,0,1
4,7,2,1,0,0
13,5,3,0,0,0
4,8,2,1,1,0
39,3,2,0,0,0
35,5,2,0,0,1
39,2,2,0,0,0
36,4,3,0,0,1
11,3,2,0,0,1
36,3,2,0,0,0
39,3,2,0,0,0
33,4,1,0,0,1
39,4,3,0,0,0
35,5,3,0,0,0
39,5,3,0,0,0
37,5,2,0,0,1
39,6,4,0,0,0
37,6,2,1,0,0
27,6,3,0,0,1
14,6,5,0,0,0
39,6,5,0,0,0
37,6,3,1,1,0
