Akira Watanabe
Sota Fujii
1,2,6,0,0,0
27,8,4,0,0,0
6,7,6,0,0,0
36,3,2,0,0,0
15,7,8,0,0,0
27,8,5,0,0,0
18,7,7,0,0,0
22,3,4,0,0,0
13,8,8,0,0,0
23,4,4,0,0,0
1,2,5,0,0,0
38,3,3,0,0,0
19,6,9,0,0,0
34,4,2,0,0,0
16,5,8,0,0,0
34,4,3,0,0,0
14,4,8,0,0,0
33,6,2,0,0,0
2,3,6,0,0,0
35,5,2,0,0,0
5,6,6,0,0,0
26,7,4,0,0,0
16,6,7,0,0,0
31,7,3,0,0,0
19,7,9,0,0,0
25,6,4,0,0,0
4,5,6,0,0,0
39,4,2,0,0,0
12,3,7,0,0,0
33,6,3,0,0,0
18,9,5,0,0,0
37,8,3,0,0,0
18,6,8,0,0,0
33,5,4,0,0,0
13,7,7,0,0,0
39,3,1,0,0,0
19,8,8,0,0,0
25,6,5,0,0,0
5,6,5,0,0,0
23,4,5,0,0,0
1,2,4,0,0,0
21,2,4,0,0,0
18,2,4,0,0,0
38,4,4,0,0,0
25,2,3,0,0,1
27,8,6,0,0,0
7,8,6,0,0,0
26,7,5,0,0,0
3,4,6,0,0,0
26,7,6,0,0,0
16,7,6,0,0,0
1,2,7,0,0,1
17,2,7,0,0,0
6,2,6,0,0,1
17,2,8,0,0,0
36,2,3,0,0,0
18,1,5,0,0,0
25,7,5,0,0,1
16,7,5,0,0,0
37,8,6,0,0,0
21,8,7,0,0,1
37,5,6,0,0,0
18,2,6,0,0,0
38,7,7,1,0,0
11,7,7,0,0,0
7,2,7,0,0,1
17,2,7,0,0,0
37,5,8,1,0,0
27,5,9,0,0,1
37,4,8,1,1,0
12,4,5,0,0,0
37,3,8,1,1,0
18,5,3,1,0,0
35,5,3,0,0,0
17,2,3,1,0,0
33,4,5,0,0,0
38,3,3,0,0,1
37,7,8,1,1,0
19,7,8,0,0,0
18,5,6,0,0,1
36,6,7,0,0,1
13,8,9,0,0,1
19,6,8,0,0,0
15,3,2,0,0,1
36,5,6,0,0,0
32,3,3,0,0,0
37,2,1,0,0,1
