Koichi Fukaura
Ayumu Matsuo
1,2,6,0,0,0
22,3,4,0,0,0
6,7,6,0,0,0
27,8,4,0,0,0
1,2,5,0,0,0
36,3,2,0,0,0
1,2,4,0,0,0
21,2,4,0,0,0
17,2,4,0,0,0
1,2,3,0,0,1
17,2,8,0,0,0
27,8,5,0,0,0
15,7,8,0,0,0
27,8,6,0,0,0
7,8,6,0,0,0
37,8,6,0,0,0
18,2,2,1,0,0
34,2,2,0,0,0
13,8,8,0,0,0
37,8,2,0,0,0
21,8,6,0,0,1
1,2,4,0,0,0
13,8,7,0,0,0
34,2,3,0,0,0
8,9,6,0,0,0
28,9,4,0,0,0
14,4,8,0,0,0
20,1,4,0,0,0
0,1,6,0,0,0
33,6,2,0,0,0
3,4,6,0,0,0
25,6,4,0,0,0
14,4,7,0,0,0
33,6,3,0,0,0
2,3,6,0,0,0
39,4,2,0,0,0
12,3,7,0,0,0
35,5,2,0,0,0
16,4,8,0,0,0
26,7,4,0,0,0
38,7,7,0,0,1
18,3,3,0,0,1
38,3,3,1,0,0
32,3,3,0,0,0
27,2,5,0,0,1
1,2,5,0,0,0
12,2,5,0,0,0
32,2,5,0,0,0
17,2,5,0,0,0
7,2,4,0,0,1
17,2,9,0,0,0
31,7,3,0,0,0
19,6,8,0,0,0
37,8,1,0,0,0
4,5,6,0,0,0
24,5,4,0,0,0
11,7,7,0,0,0
35,6,2,0,0,0
3,4,5,0,0,0
25,6,5,0,0,0
18,4,6,0,0,1
38,6,4,0,0,1
18,6,4,0,0,0
33,6,4,0,0,0
32,4,6,0,0,1
39,5,2,0,0,0
2,3,5,0,0,0
22,3,5,0,0,0
11,8,5,0,0,0
31,8,5,0,0,0
21,8,5,0,0,0
37,8,5,0,0,0
1,8,6,0,0,1
37,8,1,0,0,0
31,2,7,0,0,1
18,8,4,0,0,1
16,5,7,0,0,0
22,3,6,0,0,0
32,5,4,0,0,0
35,7,2,0,0,0
24,3,3,0,0,1
36,2,2,0,0,0
14,3,6,0,0,0
27,3,4,0,0,1
0,1,5,0,0,0
33,5,3,0,0,0
0,1,4,0,0,0
2,1,8,0,0,1
10,1,8,0,0,0
12,2,6,0,0,1
10,1,5,0,0,0
12,3,8,1,0,0
17,8,9,0,0,0
21,1,2,0,0,1
4,5,5,0,0,0
12,3,7,1,1,0
14,4,7,0,0,0
11,6,4,0,0,1
1,8,5,0,0,0
18,9,3,0,0,0
8,9,5,0,0,0
36,3,3,0,0,0
8,9,4,0,0,0
18,5,7,1,0,0
19,5,7,0,0,0
24,5,6,0,0,1
19,6,8,0,0,0
12,4,7,1,1,0
19,7,7,0,0,0
25,6,6,0,0,0
5,6,6,0,0,0
24,5,7,1,0,0
38,6,5,0,0,1
24,5,6,1,1,0
19,8,6,0,0,0
24,5,5,1,1,0
38,4,7,0,0,0
33,5,4,0,0,0
12,8,4,0,0,1
35,7,3,0,0,0
8,9,3,1,0,0
24,6,6,1,1,0
18,7,2,0,0,1
24,7,6,1,1,0
13,7,6,0,0,0
11,7,6,0,0,0
22,9,2,0,0,1
14,7,5,0,0,1
19,9,5,0,0,0
13,8,6,0,0,1
17,8,6,0,0,0
14,8,6,0,0,0
19,9,4,0,0,0
17,8,9,0,0,1
